[
    {
        "joints": {
            "A1": 1.2073487007966281,
            "A2": -0.01190824491434334,
            "A3": 0.012481749961822402,
            "A4": 1.5764036857091188,
            "A5": 0.049898573407962984,
            "A6": -1.3711704786355496,
            "A7": -0.37670643319499314
        },
        "position": {
            "A": -1.5485825156009065,
            "B": -0.18767614423648218,
            "C": 3.1212143970815585,
            "z": 623.6647395008094,
            "y": -408.64923834392937,
            "x": -141.74495245096514
        },
        "camera_in_world": [
            [
                0.9999290461710542,
                0.011581209132006944,
                0.0027889457662640324,
                13784.404605858761
            ],
            [
                0.01085891625719524,
                -0.9824315849901957,
                0.18630691010097233,
                18467.53786014443
            ],
            [
                0.004897607698219838,
                -0.18626340598381985,
                -0.9824876370876842,
                1279.4117191216915
            ],
            [
                0.0,
                0.0,
                0.0,
                1.0
            ]
        ]
    },
    {
        "joints": {
            "A1": 1.2073067559532134,
            "A2": -0.011851439683178682,
            "A3": 0.39822398918650376,
            "A4": 1.2575044796021828,
            "A5": -0.1394879409603839,
            "A6": -1.767045439871936,
            "A7": -0.37666604627610195
        },
        "position": {
            "A": -1.189940986493022,
            "B": -0.05293727211831861,
            "C": 2.981923514048361,
            "z": 749.2254895543826,
            "y": -402.64947609346973,
            "x": -8.549122982769706
        },
        "camera_in_world": [
            [
                0.9250591468803804,
                0.361695383808432,
                0.1159397434213741,
                13625.140067660386
            ],
            [
                0.35107816485834215,
                -0.9307296957845184,
                0.10240290789111899,
                18451.315874173495
            ],
            [
                0.1449472211966884,
                -0.05402483425730565,
                -0.9879633699438602,
                1392.0725821973224
            ],
            [
                0.0,
                0.0,
                0.0,
                1.0
            ]
        ]
    },
    {
        "joints": {
            "A1": 1.2073054976799058,
            "A2": -0.01103375598294553,
            "A3": 1.1761133165727105,
            "A4": 1.5405351401990475,
            "A5": -0.5611323773448109,
            "A6": -1.7663351348268546,
            "A7": 0.029976441364373767
        },
        "position": {
            "A": -0.8870103749554948,
            "B": 0.1245451513322436,
            "C": 2.5813517868219593,
            "z": 662.6141247060348,
            "y": -317.98648898596446,
            "x": 215.89477581271743
        },
        "camera_in_world": [
            [
                0.6277448219889996,
                0.6202644585888031,
                0.47032801306911176,
                13398.533489806488
            ],
            [
                0.5817846823756878,
                -0.7752743013684178,
                0.24591937904673644,
                18360.932654639142
            ],
            [
                0.5171682722470702,
                0.1192550168724627,
                -0.8475347893341778,
                1297.8430353359386
            ],
            [
                0.0,
                0.0,
                0.0,
                1.0
            ]
        ]
    },
    {
        "joints": {
            "A1": 1.8933900896047688,
            "A2": -0.742640246569724,
            "A3": 0.306148949456999,
            "A4": 0.81558570691634,
            "A5": -0.7108583936919878,
            "A6": -2.0198304934454367,
            "A7": 0.029522778477318275
        },
        "position": {
            "A": -1.2797328220825575,
            "B": 0.33967844390275787,
            "C": 2.5901603763794485,
            "z": 561.5220208907348,
            "y": -592.9436652728945,
            "x": 208.2680049507657
        },
        "camera_in_world": [
            [
                0.7763608766735766,
                0.2624197193841657,
                0.5730616721165112,
                13446.561057975845
            ],
            [
                0.4007079631435493,
                -0.9073073060272102,
                -0.12738359667945773,
                18624.902399361497
            ],
            [
                0.4865150742207111,
                0.3285260161813408,
                -0.8095515667627564,
                1179.2992303656526
            ],
            [
                0.0,
                0.0,
                0.0,
                1.0
            ]
        ]
    },
    {
        "joints": {
            "A1": 1.3240687596401075,
            "A2": -1.0959540719428098,
            "A3": 0.14145543910698405,
            "A4": 0.40606412905051303,
            "A5": -0.19420139257306718,
            "A6": -1.6479958274621325,
            "A7": -2.873964718027824
        },
        "position": {
            "A": 1.1076605004741114,
            "B": 0.013405309691845236,
            "C": -3.0747830520406563,
            "z": 429.2690873398743,
            "y": -751.2171816073344,
            "x": -176.90042710947475
        },
        "camera_in_world": [
            [
                -0.8866744570373399,
                0.4557904755049404,
                0.07786815572825115,
                13782.33128200875
            ],
            [
                0.45541716257612047,
                0.8899672923293876,
                -0.023525021041736323,
                18619.25425977174
            ],
            [
                -0.08002259223903152,
                0.014603459277822068,
                -0.9966860707908315,
                1065.0777462435967
            ],
            [
                0.0,
                0.0,
                0.0,
                1.0
            ]
        ]
    },
    {
        "joints": {
            "A1": 0.63080519751455,
            "A2": -1.0511685440547724,
            "A3": 0.5957503210110999,
            "A4": 0.6671012201914938,
            "A5": 0.04407491130168493,
            "A6": -1.5255135135877285,
            "A7": -2.8742489239525604
        },
        "position": {
            "A": 0.7325560868304212,
            "B": -0.1546564731222518,
            "C": 2.6084908714889314,
            "z": 417.44004377040824,
            "y": -591.9784423343331,
            "x": -448.2629777539986
        },
        "camera_in_world": [
            [
                -0.5160674130061826,
                0.7400813246969365,
                -0.4312239071154722,
                13994.612657441656
            ],
            [
                0.7032104130965513,
                0.6535165092493058,
                0.28002015472315456,
                18501.5493887
            ],
            [
                0.4890496295323037,
                -0.15873186502221073,
                -0.8576914683502957,
                1078.3970036096287
            ],
            [
                0.0,
                0.0,
                0.0,
                1.0
            ]
        ]
    },
    {
        "joints": {
            "A1": -0.07968227254343525,
            "A2": -0.7462457605012142,
            "A3": 1.1636291697284094,
            "A4": 1.389874318326836,
            "A5": -0.12035824189154169,
            "A6": -1.2857520766765969,
            "A7": -2.8741692288373386
        },
        "position": {
            "A": 0.689680413206255,
            "B": -0.03379155861246385,
            "C": 2.5749579348719958,
            "z": 487.2747043145799,
            "y": -384.6530550890242,
            "x": -420.48072725217827
        },
        "camera_in_world": [
            [
                -0.5197733393780146,
                0.7765079687674785,
                -0.3561896266210351,
                13968.104702049033
            ],
            [
                0.6741633222615514,
                0.6289093502473454,
                0.38726843931403676,
                18303.319526899322
            ],
            [
                0.5247280158225739,
                -0.03883817209996967,
                -0.8503835051309722,
                1137.3177138155274
            ],
            [
                0.0,
                0.0,
                0.0,
                1.0
            ]
        ]
    },
    {
        "joints": {
            "A1": 1.3359342208621645,
            "A2": 1.0715012197972151,
            "A3": -0.06549810344919267,
            "A4": 1.700127325635013,
            "A5": 0.021420411772559465,
            "A6": -1.9594294006745492,
            "A7": -0.11009757618464146
        },
        "position": {
            "A": -1.733565715303822,
            "B": -0.5575403466890562,
            "C": -3.1274799430003926,
            "z": 754.9184966669998,
            "y": 56.58511648300146,
            "x": -4.999431811209223
        },
        "camera_in_world": [
            [
                0.9873102229144455,
                -0.1476513675946283,
                0.058460220458563084,
                13666.271140308181
            ],
            [
                -0.15616984961323568,
                -0.8359872833224935,
                0.526057259426059,
                18009.840988065967
            ],
            [
                -0.02880107290375157,
                -0.5285114339070751,
                -0.8484374829232145,
                1451.5771194887718
            ],
            [
                0.0,
                0.0,
                0.0,
                1.0
            ]
        ]
    }
]