[
    {
        "joints": {
            "A1": 0.04624233021640002,
            "A2": -0.9115012112380014,
            "A3": 0.8218202601510759,
            "A4": 1.6056475314467866,
            "A5": -0.736714790316485,
            "A6": -0.9852466784811033,
            "A7": -0.5433167603408233
        },
        "position": {
            "A": -1.4903469231606656,
            "B": -0.00854247145345452,
            "C": -3.111614955946111,
            "z": 241.66553577102178,
            "y": -315.9353415612593,
            "x": -468.99365754209225
        },
        "camera_in_world": [
            [
                0.9965669452092237,
                0.07017421663317537,
                -0.043930661687218785,
                14285.462506130465
            ],
            [
                0.0704447778478668,
                -0.9975048917550823,
                0.004639417921107235,
                15991.995501288378
            ],
            [
                -0.043495482412790706,
                -0.0077181762484526874,
                -0.9990238099089915,
                879.4406551558841
            ],
            [
                0.0,
                0.0,
                0.0,
                1.0
            ]
        ]
    },
    {
        "joints": {
            "A1": 1.3921788847778407,
            "A2": -1.1451862865399765,
            "A3": -0.9575332782578382,
            "A4": 1.402210280281741,
            "A5": 0.5028330539323891,
            "A6": -1.1365197743994684,
            "A7": -1.2761782988667538
        },
        "position": {
            "A": -1.3962881682735642,
            "B": 0.4304543604150596,
            "C": 3.0855282485476274,
            "z": 216.49681836838602,
            "y": -410.6319571502169,
            "x": -432.19758489738797
        },
        "camera_in_world": [
            [
                0.9823956849768658,
                0.14768877878475684,
                0.11439730224048811,
                14251.294063993228
            ],
            [
                0.18179850854999657,
                -0.8967295466901268,
                -0.4035163223240372,
                16051.401100848196
            ],
            [
                0.04298860811693296,
                0.41720995279833234,
                -0.9077928369722806,
                819.7114971404153
            ],
            [
                0.0,
                0.0,
                0.0,
                1.0
            ]
        ]
    },
    {
        "joints": {
            "A1": 1.5958866798665703,
            "A2": -1.1449119675782033,
            "A3": -1.2093154319364716,
            "A4": 1.7884613097087327,
            "A5": 1.00950201867475,
            "A6": -0.8932910017100594,
            "A7": -2.8241838656161944
        },
        "position": {
            "A": -0.23961412842062046,
            "B": 0.2939882880690497,
            "C": -3.053097543265224,
            "z": 227.13013642343032,
            "y": -346.47162622989197,
            "x": -395.5839216601874
        },
        "camera_in_world": [
            [
                0.2742499048102998,
                0.926894039825871,
                0.25623120154816925,
                14149.77953648605
            ],
            [
                0.9570111933657482,
                -0.23689512832885534,
                -0.1673627017788668,
                15939.471829393939
            ],
            [
                -0.09442756739537597,
                0.29111533300280173,
                -0.9520164375715682,
                839.5295730715045
            ],
            [
                0.0,
                0.0,
                0.0,
                1.0
            ]
        ]
    },
    {
        "joints": {
            "A1": 0.9782577182399992,
            "A2": -1.1447750478073815,
            "A3": -0.9211569012766311,
            "A4": 1.2613346978026334,
            "A5": 0.8909071836319963,
            "A6": -1.4452595335768605,
            "A7": 0.14913097566024075
        },
        "position": {
            "A": 2.9935556814506934,
            "B": 0.27847340624257905,
            "C": 3.078249898524774,
            "z": 228.18934772827865,
            "y": -315.4832627679404,
            "x": -537.7388423046144
        },
        "camera_in_world": [
            [
                -0.14348519821958652,
                -0.9494345134563199,
                -0.27925991934011396,
                14436.184267778388
            ],
            [
                -0.9883495635654104,
                0.15194773831456115,
                -0.008776389984070479,
                15881.774005569274
            ],
            [
                0.050765520700066,
                0.27474713734459666,
                -0.9601754383595742,
                841.6139038794239
            ],
            [
                0.0,
                0.0,
                0.0,
                1.0
            ]
        ]
    },
    {
        "joints": {
            "A1": 0.4500111805855231,
            "A2": -0.918154852932726,
            "A3": -0.12898591310399338,
            "A4": 1.346661300569836,
            "A5": 0.42763127578019233,
            "A6": -1.1849283731404403,
            "A7": 1.53853407428766
        },
        "position": {
            "A": 1.6993235443446943,
            "B": 0.23722026634205332,
            "C": 2.827268046152201,
            "z": 221.27697611346005,
            "y": -260.5273137771008,
            "x": -546.4108643698339
        },
        "camera_in_world": [
            [
                -0.9394993563775762,
                -0.11484625726059475,
                -0.32272480003766896,
                14363.032609983578
            ],
            [
                -0.18160365755199395,
                0.965818026086711,
                0.18497473354409125,
                15761.764462227087
            ],
            [
                0.29044977350629525,
                0.23239164718036398,
                -0.9282419142610071,
                840.7095989358236
            ],
            [
                0.0,
                0.0,
                0.0,
                1.0
            ]
        ]
    },
    {
        "joints": {
            "A1": -0.5396136349439247,
            "A2": -1.1216815064070433,
            "A3": 0.7268229871842736,
            "A4": 1.8071740177451983,
            "A5": 0.43985441814690174,
            "A6": -0.590770935379653,
            "A7": 0.9122824628263453
        },
        "position": {
            "A": 1.7762043723208898,
            "B": 0.8996289713949576,
            "C": -3.049826824453432,
            "z": 145.7646793881603,
            "y": -124.70135664227564,
            "x": -482.66952869351456
        },
        "camera_in_world": [
            [
                -0.9915856588423647,
                -0.11667696793714318,
                -0.056074649630190085,
                14316.274536073612
            ],
            [
                -0.116085714788513,
                0.6097501552708801,
                0.7840464622515543,
                15697.458681218355
            ],
            [
                -0.0572886376185865,
                0.7839586936185688,
                -0.6181640386658491,
                732.4573035680609
            ],
            [
                0.0,
                0.0,
                0.0,
                1.0
            ]
        ]
    },
    {
        "joints": {
            "A1": 2.3299767211827267,
            "A2": -1.8796108076627238,
            "A3": -1.1517973242022446,
            "A4": 2.0179471724632103,
            "A5": 0.8420824926377624,
            "A6": -0.35135122880915703,
            "A7": 1.3764083638916786
        },
        "position": {
            "A": 2.7406650408885,
            "B": -1.227970068649075,
            "C": -2.907560410169253,
            "z": 95.41816389259083,
            "y": -343.2676956124144,
            "x": -249.66396674106176
        },
        "camera_in_world": [
            [
                -0.16913121078023977,
                -0.30813271516091273,
                0.9361884764231901,
                14163.888005319279
            ],
            [
                -0.9812917295245084,
                0.14129668952705354,
                -0.13077380125810684,
                15902.879432218739
            ],
            [
                -0.09198464603839882,
                -0.9407919405353447,
                -0.3262657651622847,
                864.0936469185044
            ],
            [
                0.0,
                0.0,
                0.0,
                1.0
            ]
        ]
    }
]