[
    {
        "joints": {
            "A1": 2.8362933856087027,
            "A2": 0.9247657708217745,
            "A3": -0.03518945938748665,
            "A4": 1.6043332813939917,
            "A5": 0.3113564906805524,
            "A6": -1.6705602054318014,
            "A7": -0.24884296260415756
        },
        "position": {
            "A": 0.0477347305175757,
            "B": -0.8431549453533639,
            "C": -3.0867209898067736,
            "z": 822.8446970400154,
            "y": 25.607214252511938,
            "x": 28.34243913436251
        },
        "camera_in_world": [
            [
                0.0917159677348572,
                -0.6656078957874481,
                0.7406445235927045,
                13864.559358318562
            ],
            [
                -0.9943711136851563,
                -0.02159392877312649,
                0.10372941004692504,
                15066.717920400613
            ],
            [
                -0.05304968926394016,
                -0.7459891629947091,
                -0.663841772686423,
                1551.7657971534536
            ],
            [
                0.0,
                0.0,
                0.0,
                0.0
            ]
        ]
    },
    {
        "joints": {
            "A1": 2.8363038118784045,
            "A2": 0.9227504436069026,
            "A3": 0.011068030867879271,
            "A4": 1.4234092355812789,
            "A5": 0.30999671268883816,
            "A6": -1.3832141452828013,
            "A7": -0.248789512986646
        },
        "position": {
            "A": 0.3648955797081106,
            "B": -1.2609852294208248,
            "C": 2.8089818742964927,
            "z": 920.6099851467859,
            "y": 49.582818134079346,
            "x": 10.58902915990193
        },
        "camera_in_world": [
            [
                0.05675162691611281,
                -0.2857650955959332,
                0.9566177726665029,
                13824.394142462916
            ],
            [
                -0.9946857650299242,
                -0.09862630686093317,
                0.02954793464537927,
                15093.324580413555
            ],
            [
                0.08590390962702969,
                -0.953210974409139,
                -0.2898436761027759,
                1692.7426815982158
            ],
            [
                0.0,
                0.0,
                0.0,
                0.0
            ]
        ]
    },
    {
        "joints": {
            "A1": 2.6077401951723984,
            "A2": 0.8297516000134867,
            "A3": -0.14246906492276928,
            "A4": 1.3342762033422475,
            "A5": 0.07678312063099688,
            "A6": -1.4829539955355615,
            "A7": -0.24880928691257265
        },
        "position": {
            "A": -0.2683408630054731,
            "B": -1.1517807760519627,
            "C": 2.9287772252102786,
            "z": 930.3321489455946,
            "y": -53.83263497548413,
            "x": -8.329221268500639
        },
        "camera_in_world": [
            [
                -0.4383167194026037,
                -0.38813991196602016,
                0.81069467879785,
                13806.033923926829
            ],
            [
                -0.8959945592274496,
                0.1172165959792011,
                -0.42831532713861287,
                14940.573012092123
            ],
            [
                0.07121940274214243,
                -0.9141157904587683,
                -0.3991492431497191,
                1691.8695029220266
            ],
            [
                0.0,
                0.0,
                0.0,
                0.0
            ]
        ]
    },
    {
        "joints": {
            "A1": 2.6080616120622024,
            "A2": 0.6982938806097349,
            "A3": -0.25090784462523186,
            "A4": 1.8146763222980467,
            "A5": 0.038531775791547,
            "A6": -1.3252230801557208,
            "A7": -0.31695146993075707
        },
        "position": {
            "A": -0.45903338167622737,
            "B": -0.710035375593554,
            "C": 3.12877644699066,
            "z": 734.1969405814752,
            "y": -169.34884259047408,
            "x": 107.88738956019574
        },
        "camera_in_world": [
            [
                -0.44965157643457077,
                -0.6754888772522845,
                0.5844041722287356,
                13935.243748092538
            ],
            [
                -0.8931753862678072,
                0.34528060850062353,
                -0.28813023228879103,
                14812.260662896022
            ],
            [
                -0.007154661086245637,
                -0.651533635434033,
                -0.7585860087840096,
                1448.1842740111006
            ],
            [
                0.0,
                0.0,
                0.0,
                0.0
            ]
        ]
    },
    {
        "joints": {
            "A1": 2.644335404044131,
            "A2": 0.15453544168516492,
            "A3": -0.9086882140134291,
            "A4": 1.6699725589631411,
            "A5": 0.23408700228849488,
            "A6": -0.6984505744155666,
            "A7": -0.46133201868672896
        },
        "position": {
            "A": -1.1006771262142276,
            "B": -0.9202717165210573,
            "C": 3.1307051928059484,
            "z": 681.4801775613796,
            "y": -471.8951391471911,
            "x": 64.61043015584355
        },
        "camera_in_world": [
            [
                -0.8933511893263604,
                -0.26533683053317064,
                0.3626568886589485,
                13839.131058814099
            ],
            [
                -0.44925445335200515,
                0.5448027505623966,
                -0.7080680752039578,
                14464.28514617455
            ],
            [
                -0.009699931575455172,
                -0.7954786793762977,
                -0.6059039379185226,
                1418.742562539141
            ],
            [
                0.0,
                0.0,
                0.0,
                0.0
            ]
        ]
    },
    {
        "joints": {
            "A1": 2.6441471917736696,
            "A2": 0.15274565758812536,
            "A3": -0.7766322422114852,
            "A4": 1.4488502470072107,
            "A5": 0.16231347926554632,
            "A6": -0.4458857309972854,
            "A7": -0.29280697186726307
        },
        "position": {
            "A": -1.0617887692956942,
            "B": -1.3694149029823437,
            "C": 3.030833643342804,
            "z": 836.0722920942618,
            "y": -481.51859481084176,
            "x": 107.98076044817361
        },
        "camera_in_world": [
            [
                -0.9164367320758613,
                -0.08824092230378579,
                0.3903296757013148,
                13867.450855817568
            ],
            [
                -0.40006921977870036,
                0.1791134695119486,
                -0.8988119850252633,
                14477.319836487064
            ],
            [
                0.009398696067989496,
                -0.9798632071214685,
                -0.1994486396089279,
                1616.4366351910146
            ],
            [
                0.0,
                0.0,
                0.0,
                0.0
            ]
        ]
    },
    {
        "joints": {
            "A1": 1.7233458026119468,
            "A2": 0.19855511757026428,
            "A3": -0.4374693296654928,
            "A4": 1.3687853182247587,
            "A5": -0.21280292289619768,
            "A6": -0.4975783667842501,
            "A7": 0.11401551888753712
        },
        "position": {
            "A": -1.9356282391114743,
            "B": -1.4574521752879994,
            "C": 3.136704130506106,
            "z": 903.2534629277366,
            "y": -412.4614537156756,
            "x": -180.77841086476295
        },
        "camera_in_world": [
            [
                -0.9367213716092349,
                0.050080893419538086,
                -0.34647507281883144,
                13519.139239235703
            ],
            [
                0.3498984117281791,
                0.10243316454388453,
                -0.9311705258821409,
                14551.5426292284
            ],
            [
                -0.011143313717713082,
                -0.9934784098891261,
                -0.11347455945524654,
                1690.3292826483223
            ],
            [
                0.0,
                0.0,
                0.0,
                0.0
            ]
        ]
    },
    {
        "joints": {
            "A1": 1.0151282048046797,
            "A2": -0.6257859044934239,
            "A3": 1.0109961638714389,
            "A4": 1.1270830362427504,
            "A5": -0.6937198974825803,
            "A6": -0.8050871662932448,
            "A7": 0.270531833133727
        },
        "position": {
            "A": -1.4778668660141134,
            "B": -0.8463494799762199,
            "C": -3.0972420238036014,
            "z": 626.5888450617081,
            "y": -700.6197469400071,
            "x": 12.47788498628502
        },
        "camera_in_world": [
            [
                -0.9905861169915068,
                -0.05140396960095845,
                0.12687307331720432,
                13751.857230093285
            ],
            [
                -0.1289485752936818,
                0.6614974624207092,
                -0.7387782970152088,
                14222.528281213397
            ],
            [
                -0.04595007892722962,
                -0.7481836266052782,
                -0.6618986713435485,
                1355.8398959520541
            ],
            [
                0.0,
                0.0,
                0.0,
                0.0
            ]
        ]
    },
    {
        "joints": {
            "A1": 1.0073129920602966,
            "A2": -0.5700455966620103,
            "A3": 0.10901468163241997,
            "A4": 0.9595414148252749,
            "A5": -0.14604561297729415,
            "A6": -0.7004855556740618,
            "A7": -0.0080876141347234
        },
        "position": {
            "A": -1.923296908651122,
            "B": -0.9082152960437342,
            "C": 2.9891306900110513,
            "z": 638.6978372816657,
            "y": -650.3395633099911,
            "x": -366.0947281286354
        },
        "camera_in_world": [
            [
                -0.889519750093005,
                0.2216520739658427,
                -0.39953094035521064,
                13314.202319021342
            ],
            [
                0.45033403022783985,
                0.5730075168234088,
                -0.6847347273817957,
                14284.554886716853
            ],
            [
                0.07716135958644973,
                -0.7890074421515377,
                -0.6095189749435689,
                1375.1107825658785
            ],
            [
                0.0,
                0.0,
                0.0,
                0.0
            ]
        ]
    },
    {
        "joints": {
            "A1": 0.7255262940529229,
            "A2": 0.036811823757776356,
            "A3": -0.13998096008395738,
            "A4": 1.6128181724999586,
            "A5": 0.058324346372440605,
            "A6": -0.6500242389842374,
            "A7": 0.07997726416661652
        },
        "position": {
            "A": -2.7667735894973196,
            "B": -0.9002599394791901,
            "C": -2.9367300430163104,
            "z": 685.0089574275623,
            "y": -282.30510925030427,
            "x": -418.9519062636241
        },
        "camera_in_world": [
            [
                -0.5093730426156104,
                0.5837516190490452,
                -0.6322761664922485,
                13212.299384749529
            ],
            [
                0.8486483497017682,
                0.2190026589981119,
                -0.48149123969208596,
                14698.937750426257
            ],
            [
                -0.14260112904525188,
                -0.7818387830041273,
                -0.6069538988964847,
                1420.9235067076133
            ],
            [
                0.0,
                0.0,
                0.0,
                0.0
            ]
        ]
    },
    {
        "joints": {
            "A1": 0.7254793158981117,
            "A2": 0.2612316551009221,
            "A3": -0.11321101787731044,
            "A4": 1.5517873087571663,
            "A5": 0.05835224563506666,
            "A6": -0.527191746066621,
            "A7": -0.04290340529250891
        },
        "position": {
            "A": -2.6703933959900144,
            "B": -1.3200915699963651,
            "C": -2.964669391093833,
            "z": 838.6035221554056,
            "y": -237.2665783631415,
            "x": -351.57486911962604
        },
        "camera_in_world": [
            [
                -0.6067900277771848,
                0.22756651724271984,
                -0.7615900094015032,
                13305.317860234014
            ],
            [
                0.7928256767930807,
                0.1047342820663876,
                -0.6003816922405543,
                14747.326327956376
            ],
            [
                -0.05686218785587371,
                -0.9681137383541549,
                -0.24397229597269046,
                1615.0534904890999
            ],
            [
                0.0,
                0.0,
                0.0,
                0.0
            ]
        ]
    },
    {
        "joints": {
            "A1": 0.34426357838008353,
            "A2": 0.3629561529527963,
            "A3": -0.3412949060765474,
            "A4": 1.513131951633623,
            "A5": 0.2025370440653547,
            "A6": -0.6399005650866241,
            "A7": -0.2847907238093213
        },
        "position": {
            "A": -3.0978992127846388,
            "B": -1.3583019819886084,
            "C": -3.014638046916864,
            "z": 875.9921191957359,
            "y": 34.513706642964905,
            "x": -374.58896639762014
        },
        "camera_in_world": [
            [
                -0.17774597601134964,
                0.21289363238610398,
                -0.9607719132558066,
                13271.10372911163
            ],
            [
                0.9832824257941498,
                -0.0007887868895171193,
                -0.18208527930509752,
                15055.459744692567
            ],
            [
                -0.03952264080429304,
                -0.9770750631884397,
                -0.20919436359319424,
                1655.4822431604032
            ],
            [
                0.0,
                0.0,
                0.0,
                0.0
            ]
        ]
    },
    {
        "joints": {
            "A1": 0.12558778606645923,
            "A2": 0.36289868864167285,
            "A3": -0.22323147559812173,
            "A4": 1.6395875155132567,
            "A5": 0.20264423101790496,
            "A6": -1.0514942154027944,
            "A7": -0.2851782935865146
        },
        "position": {
            "A": -3.041184191381073,
            "B": -0.846001915020391,
            "C": -3.0489375685159663,
            "z": 764.7446146110588,
            "y": 34.1802751035831,
            "x": -345.09566943943787
        },
        "camera_in_world": [
            [
                -0.17179548129515804,
                0.6617134025454295,
                -0.7298093487331568,
                13272.58407937328
            ],
            [
                0.9820497571006365,
                0.05647123618650309,
                -0.17997020326195237,
                15049.828906962719
            ],
            [
                -0.07787545945383109,
                -0.7476271613413451,
                -0.6595369894399677,
                1494.09461108231
            ],
            [
                0.0,
                0.0,
                0.0,
                0.0
            ]
        ]
    },
    {
        "joints": {
            "A1": -0.6687350895540464,
            "A2": 0.901255298188403,
            "A3": -0.020376837481256776,
            "A4": 1.9143134077826158,
            "A5": 0.30255508411473614,
            "A6": -1.247148910897257,
            "A7": -0.2835313016387316
        },
        "position": {
            "A": 2.7373321353992686,
            "B": -0.9313405259984702,
            "C": -3.0654812598682986,
            "z": 741.864355462448,
            "y": 49.43597404907112,
            "x": -119.45286621563423
        },
        "camera_in_world": [
            [
                0.33138115890381276,
                0.5455833340261206,
                -0.7697566843857275,
                13506.678173842985
            ],
            [
                0.9414846612581559,
                -0.2444711911351144,
                0.23203549151066027,
                15119.596663159135
            ],
            [
                -0.061588636445219544,
                -0.8016063013337164,
                -0.5946714870606272,
                1480.4204974513352
            ],
            [
                0.0,
                0.0,
                0.0,
                0.0
            ]
        ]
    },
    {
        "joints": {
            "A1": -0.6685279422065302,
            "A2": 0.9106954518453839,
            "A3": -0.0502533304934366,
            "A4": 1.8119712430353654,
            "A5": 0.44091123508027075,
            "A6": -0.8960141172052307,
            "A7": -0.4161223092497791
        },
        "position": {
            "A": 2.998322942218308,
            "B": -1.413724264398843,
            "C": 2.938751747486475,
            "z": 842.1098403908347,
            "y": 55.19468925865185,
            "x": -114.62070165905897
        },
        "camera_in_world": [
            [
                0.32583569903445564,
                0.15184954818658505,
                -0.9331520840411048,
                13538.556872358355
            ],
            [
                0.9452287215763976,
                -0.03213973137486801,
                0.32482256937318965,
                15111.064168874636
            ],
            [
                0.01933290308714504,
                -0.9878809403884058,
                -0.1540048261436691,
                1626.0977025035315
            ],
            [
                0.0,
                0.0,
                0.0,
                0.0
            ]
        ]
    },
    {
        "joints": {
            "A1": -1.4991004616516004,
            "A2": 1.189778808392596,
            "A3": -0.20909326604090578,
            "A4": 1.8165307612445618,
            "A5": 0.44015910498681143,
            "A6": -1.1744029879353695,
            "A7": -0.41612356752308677
        },
        "position": {
            "A": 1.7912206172930005,
            "B": -1.4637887096899262,
            "C": -2.933050223822194,
            "z": 816.4312538243737,
            "y": -14.84176012200812,
            "x": 28.640489652624826
        },
        "camera_in_world": [
            [
                0.9041876731257796,
                0.014254877623713002,
                -0.42689747039695797,
                13726.721304562023
            ],
            [
                0.42580419380047396,
                -0.10892667597477702,
                0.8982348066085027,
                15084.49528697951
            ],
            [
                -0.03369629518681769,
                -0.993947572925765,
                -0.10455994436524883,
                1604.1154290959062
            ],
            [
                0.0,
                0.0,
                0.0,
                0.0
            ]
        ]
    },
    {
        "joints": {
            "A1": -1.4991759023086038,
            "A2": 1.1915059748757295,
            "A3": -0.2504706600461429,
            "A4": 1.8057887611534473,
            "A5": 0.08270265664014671,
            "A6": -1.629194316309744,
            "A7": -0.2798048068285641
        },
        "position": {
            "A": 1.7124757367603671,
            "B": -0.9316530451094758,
            "C": -3.045758919879208,
            "z": 740.855483733711,
            "y": -38.60866425252457,
            "x": 76.36818394436398
        },
        "camera_in_world": [
            [
                0.9725258290225376,
                0.07435842677972367,
                -0.22059994617150575,
                13781.743672932298
            ],
            [
                0.22096259680170405,
                -0.5931190502676302,
                0.7741997952881882,
                15098.853034457565
            ],
            [
                -0.0732737517715201,
                -0.8016736347020961,
                -0.5932540271459239,
                1479.508399429043
            ],
            [
                0.0,
                0.0,
                0.0,
                0.0
            ]
        ]
    },
    {
        "joints": {
            "A1": -2.3686900819241323,
            "A2": 1.2853117163618506,
            "A3": -0.13315953923373997,
            "A4": 1.8884154378516687,
            "A5": 0.19000010668350115,
            "A6": -1.6070839006601805,
            "A7": -0.2799626990210935
        },
        "position": {
            "A": 1.0509525454040183,
            "B": -0.976924522489815,
            "C": -3.1365502820105893,
            "z": 719.4311519744601,
            "y": -50.03568886160422,
            "x": -29.623881106524617
        },
        "camera_in_world": [
            [
                0.8724677090137315,
                -0.28706550778539497,
                0.39546616918295757,
                13748.865765844037
            ],
            [
                -0.48830872710632667,
                -0.4809533926350016,
                0.7281747188310511,
                15073.951159719545
            ],
            [
                -0.018833049676812045,
                -0.8284185103875907,
                -0.559792897317459,
                1462.7245600753226
            ],
            [
                0.0,
                0.0,
                0.0,
                0.0
            ]
        ]
    },
    {
        "joints": {
            "A1": -2.3685602928050526,
            "A2": 1.3332480167899283,
            "A3": -0.10515318462286305,
            "A4": 1.8660395118079833,
            "A5": 0.24217702521756881,
            "A6": -1.1677884747771452,
            "A7": -0.2799685712904449
        },
        "position": {
            "A": 1.526207302394661,
            "B": -1.4610478170601395,
            "C": 2.6008152991448488,
            "z": 787.0644205541341,
            "y": -46.36259129444705,
            "x": -35.12053997692293
        },
        "camera_in_world": [
            [
                0.8409049564580112,
                -0.013699915243351414,
                0.5410093959689379,
                13726.617135442983
            ],
            [
                -0.5393140710257304,
                -0.10421895713694403,
                0.8356307448669784,
                15048.66970135335
            ],
            [
                0.044935364669754424,
                -0.9944600149305214,
                -0.09502679467594052,
                1575.3908950637265
            ],
            [
                0.0,
                0.0,
                0.0,
                0.0
            ]
        ]
    },
    {
        "joints": {
            "A1": -2.846302190770679,
            "A2": 1.3388397962407486,
            "A3": -0.11086402727184541,
            "A4": 1.8689968589972525,
            "A5": 0.24189621081663504,
            "A6": -1.2235239289569917,
            "A7": -0.2799271658628521
        },
        "position": {
            "A": 0.8529525712018102,
            "B": -1.4177443932969604,
            "C": 2.809224078123965,
            "z": 777.4521759305615,
            "y": -26.38070437863125,
            "x": -54.99317024383916
        },
        "camera_in_world": [
            [
                0.5103649296480655,
                -0.10583529080746382,
                0.8534204882735268,
                13735.201816081963
            ],
            [
                -0.8591321570340377,
                -0.10623029150944246,
                0.5006066938384472,
                15047.757243457456
            ],
            [
                0.03767725222687235,
                -0.9886930850296864,
                -0.1451427169344511,
                1562.0739192600051
            ],
            [
                0.0,
                0.0,
                0.0,
                0.0
            ]
        ]
    },
    {
        "joints": {
            "A1": -2.8184948342377916,
            "A2": 1.2044666144954495,
            "A3": -0.1018985088145442,
            "A4": 1.905005679782716,
            "A5": 0.12784387632473881,
            "A6": -1.6895515467748674,
            "A7": -0.2799212935935007
        },
        "position": {
            "A": 0.6049895079270287,
            "B": -0.7790868512533401,
            "C": 3.115356510594286,
            "z": 706.2889657519447,
            "y": -21.864230883147304,
            "x": -25.71248336563441
        },
        "camera_in_world": [
            [
                0.5552934272354946,
                -0.5911998988411933,
                0.5849204127735851,
                13793.591237213184
            ],
            [
                -0.8316523236078313,
                -0.3963510620379112,
                0.38892190509036006,
                15072.749037388894
            ],
            [
                0.0019032358639187244,
                -0.7024161980133877,
                -0.7117639092154529,
                1428.0522658003147
            ],
            [
                0.0,
                0.0,
                0.0,
                0.0
            ]
        ]
    }
]