[
    {
        "timestamp": 1744966046.4026392,
        "joints": {
            "A1": 1.5585573172254417,
            "A2": 1.2952680306374902,
            "A3": -7.400261478302908e-05,
            "A4": 0.045455565896530575,
            "A5": 0.0004478265278534414,
            "A6": 1.8501059455355926,
            "A7": -1.5827090058272877
        },
        "position": {
            "A": -0.0002153650448372649,
            "B": -0.00014246950139413654,
            "C": -3.099917071663849,
            "z": 448.5953807247249,
            "y": 790.0026230495795,
            "x": 9.61347822940834
        },
        "kmr_pose": {
            "theta": -3.1402262724805574,
            "y": 15.054806942806115,
            "x": 14.009484855858737
        },
        "T_world_camera": [
            [
                0.9984932452181446,
                -0.05325203160160315,
                -0.013246146007047311,
                12860.344414031388
            ],
            [
                0.053256068699363945,
                0.9985808874800899,
                -4.8022546183968166e-05,
                15152.126770365838
            ],
            [
                0.013229905533555133,
                -0.0006574874737702465,
                0.9999122648061654,
                1211.6733765688693
            ],
            [
                0.0,
                0.0,
                0.0,
                1.0
            ]
        ]
    },
    {
        "timestamp": 1744968558.5685284,
        "joints": {
            "A1": 1.3478431848521597,
            "A2": 1.3661055856152227,
            "A3": -0.019325521389357784,
            "A4": -1.81052912132584,
            "A5": 2.8528619959290014,
            "A6": 1.6001395816871025,
            "A7": 0.017343210786112274
        },
        "position": {
            "A": 0.8698737404552603,
            "B": -1.5575229240214776,
            "C": -2.3791159088026723,
            "z": 44.228709668057206,
            "y": 537.4164697012388,
            "x": 85.79211483685623
        },
        "kmr_pose": {
            "theta": -3.1402262724805574,
            "y": 15.054806942806115,
            "x": 14.009484855858737
        },
        "T_world_camera": [
            [
                -0.07633707187603503,
                -0.008021211917682097,
                -0.9970498039801045,
                13046.631822638026
            ],
            [
                0.9970820684148515,
                -0.0005966517967577138,
                -0.07633474210472445,
                15318.524195698266
            ],
            [
                1.7405586101935933e-05,
                -0.9999676515597918,
                0.008043353221170415,
                839.5773374864494
            ],
            [
                0.0,
                0.0,
                0.0,
                1.0
            ]
        ]
    },
    {
        "timestamp": 1744982857.5853934,
        "joints": {
            "A1": 1.5585719979533617,
            "A2": 1.2526754960827802,
            "A3": 0.12707209227492233,
            "A4": -0.20873811346382365,
            "A5": 2.967056415406374,
            "A6": 1.486391550651729,
            "A7": -1.5827356707494338
        },
        "position": {
            "A": 3.1379554749553162,
            "B": 0.05247122750860668,
            "C": -0.027358847465177614,
            "z": 687.4032205465523,
            "y": 792.2667690946447,
            "x": -8.753661592462134
        },
        "kmr_pose": {
            "theta": -3.1402262724805574,
            "y": 15.054806942806115,
            "x": 14.009484855858737
        },
        "T_world_camera": [
            [
                0.9992825220889364,
                -0.03618509750973095,
                -0.01118390655296862,
                12856.616552771442
            ],
            [
                -0.03672472691692779,
                -0.9979427421603946,
                -0.05255071647722196,
                15319.815697652222
            ],
            [
                -0.009259345573600603,
                0.052923738412961205,
                -0.9985556281108953,
                1319.4531829834816
            ],
            [
                0.0,
                0.0,
                0.0,
                1.0
            ]
        ]
    },
    {
        "timestamp": 1744983316.1971676,
        "joints": {
            "A1": 1.5585721777222745,
            "A2": 1.2526795707720852,
            "A3": 0.126969387393341,
            "A4": -0.2086898770357047,
            "A5": 1.4441588304267168,
            "A6": 1.493189003004412,
            "A7": -1.5827348319005616
        },
        "position": {
            "A": 1.5340828542642357,
            "B": 1.4477150506880379,
            "C": -1.543763165373569,
            "z": 536.1883969833691,
            "y": 806.0465118886805,
            "x": -152.45133757946002
        },
        "kmr_pose": {
            "theta": -3.1402262724805574,
            "y": 15.054806942806115,
            "x": 14.009484855858737
        },
        "T_world_camera": [
            [
                -0.9938504721710384,
                0.0008236871532429427,
                -0.11072741532645748,
                12833.429702235671
            ],
            [
                -0.11072974923124891,
                -0.0037625759434753037,
                0.9938434311587787,
                15147.759438733981
            ],
            [
                0.0004019957573899238,
                0.9999925822533601,
                0.0038306445499259024,
                1141.5856941005213
            ],
            [
                0.0,
                0.0,
                0.0,
                1.0
            ]
        ]
    },
    {
        "timestamp": 1744986031.7691803,
        "joints": {
            "A1": 1.558570739570971,
            "A2": 1.2528150523916035,
            "A3": 0.12690503219508145,
            "A4": -0.19401333605142512,
            "A5": -0.11667036030941302,
            "A6": 1.7215337279332825,
            "A7": -1.582785585093462
        },
        "position": {
            "A": 0.024957856951731538,
            "B": 0.005065232401399364,
            "C": 3.1163677355439368,
            "z": 389.4125086827429,
            "y": 791.8892716477221,
            "x": -0.7061879005292406
        },
        "kmr_pose": {
            "theta": -3.1402262724805574,
            "y": 15.054806942806115,
            "x": 14.009484855858737
        },
        "T_world_camera": [
            [
                0.999165484453278,
                0.013638822798752429,
                -0.03850087258635332,
                12850.535945749201
            ],
            [
                -0.013793877612206804,
                0.9998977733854905,
                -0.003764534387967983,
                15141.451471219141
            ],
            [
                0.03844559295505584,
                0.004292469149914383,
                0.9992514754009277,
                1151.9771040589108
            ],
            [
                0.0,
                0.0,
                0.0,
                1.0
            ]
        ]
    },
    {
        "timestamp": 1744986065.0170996,
        "joints": {
            "A1": -6.165888273137743e-05,
            "A2": -8.862334701006383e-05,
            "A3": -6.0999693689514817e-05,
            "A4": 6.789058082562318e-05,
            "A5": 7.056313805935515e-05,
            "A6": -6.573346295323643e-05,
            "A7": 7.993477074440131e-05
        },
        "position": {
            "A": 2.789922159509432e-05,
            "B": -0.0002221875028442669,
            "C": -2.3407704693589506e-08,
            "z": 1331.9999897031523,
            "y": 1.0424572751030572e-05,
            "x": -0.13357592182860628
        },
        "kmr_pose": {
            "theta": -3.1402262724805574,
            "y": 15.054806942806115,
            "x": 14.009484855858737
        },
        "T_world_camera": [
            [
                -0.9998418378401804,
                0.011601250031841205,
                0.013479996367539363,
                13646.073517285628
            ],
            [
                -0.011610165010326072,
                -0.9999324296445119,
                -0.0005832783693166,
                15332.979866170683
            ],
            [
                0.013472318761192224,
                -0.0007396910989156591,
                0.9999089705989612,
                2095.0855526204305
            ],
            [
                0.0,
                0.0,
                0.0,
                1.0
            ]
        ]
    },
    {
        "timestamp": 1744986096.0763462,
        "joints": {
            "A1": -6.135923151542565e-05,
            "A2": -1.5709007692608314,
            "A3": -6.004096251477868e-05,
            "A4": -5.85429246011763e-05,
            "A5": 5.234713665629033e-05,
            "A6": 2.678469536573098e-05,
            "A7": 5.602626890287873e-05
        },
        "position": {
            "A": 0.0,
            "B": -1.570743894690287,
            "C": -6.195568654033906e-05,
            "z": 359.9348940435921,
            "y": 0.06022164435102935,
            "x": -971.9999953972172
        },
        "kmr_pose": {
            "theta": -3.1402262724805574,
            "y": 15.054806942806115,
            "x": 14.009484855858737
        },
        "T_world_camera": [
            [
                -0.9998387521432809,
                0.010234373680813218,
                0.014755585651820058,
                13647.551277090499
            ],
            [
                -0.014751463496260228,
                0.00047815075858287376,
                -0.999891076916166,
                14203.252090632299
            ],
            [
                -0.010240314315743626,
                -0.9999475131061697,
                -0.0003271016680381951,
                1154.7550128460875
            ],
            [
                0.0,
                0.0,
                0.0,
                1.0
            ]
        ]
    },
    {
        "timestamp": 1744986131.4303272,
        "joints": {
            "A1": -6.47747317785003e-05,
            "A2": -1.5707056661032341,
            "A3": -1.8755308141931065e-05,
            "A4": -9.665273423386374e-05,
            "A5": -8.130092721639986e-05,
            "A6": 1.5707777512556678,
            "A7": 5.590638659988236e-05
        },
        "position": {
            "A": -9.2878136328399e-06,
            "B": 0.0001686124297018133,
            "C": 0.00010025742312467554,
            "z": 512.1128776776193,
            "y": 0.03797349196483951,
            "x": -819.9743606005794
        },
        "kmr_pose": {
            "theta": -3.1402262724805574,
            "y": 15.054806942806115,
            "x": 14.009484855858737
        },
        "T_world_camera": [
            [
                -0.9998411766379799,
                0.011701543577798738,
                0.013442298057875678,
                13647.143880649694
            ],
            [
                -0.011705171167437677,
                -0.9999314738540727,
                -0.00019121705773432165,
                14513.164421502313
            ],
            [
                0.01343913937426347,
                -0.0003485310876494847,
                0.9999096299461064,
                1275.161385658757
            ],
            [
                0.0,
                0.0,
                0.0,
                1.0
            ]
        ]
    },
    {
        "timestamp": 1744986172.5132806,
        "joints": {
            "A1": -6.243784499315814e-05,
            "A2": -1.5707187889066305,
            "A3": -1.7556921444280462e-05,
            "A4": -1.5707887767187185,
            "A5": -4.458129414954156e-05,
            "A6": 1.5706981760227492,
            "A7": 5.446834437931729e-05
        },
        "position": {
            "A": 0.0,
            "B": 1.570718840676303,
            "C": 0.00010701894252338827,
            "z": 760.0368841278571,
            "y": 0.0029321906505051475,
            "x": -267.9720760309374
        },
        "kmr_pose": {
            "theta": -3.1402262724805574,
            "y": 15.054806942806115,
            "x": 14.009484855858737
        },
        "T_world_camera": [
            [
                -0.9998758695887017,
                0.010235853824060037,
                0.011978009464436473,
                13646.471409900643
            ],
            [
                0.011972702083153763,
                -0.0005796309053373216,
                0.9999281566356861,
                15033.41067165884
            ],
            [
                0.01024206127035478,
                0.9999474442812014,
                0.00045700812711237934,
                1365.2249587069978
            ],
            [
                0.0,
                0.0,
                0.0,
                1.0
            ]
        ]
    },
    {
        "timestamp": 1744966046.4026392,
        "joints": {
            "A1": 1.5585573172254417,
            "A2": 1.2952680306374902,
            "A3": -7.400261478302908e-05,
            "A4": 0.045455565896530575,
            "A5": 0.0004478265278534414,
            "A6": 1.8501059455355926,
            "A7": -1.5827090058272877
        },
        "position": {
            "A": -0.0002153650448372649,
            "B": -0.00014246950139413654,
            "C": -3.099917071663849,
            "z": 448.5953807247249,
            "y": 790.0026230495795,
            "x": 9.61347822940834
        },
        "kmr_pose": {
            "theta": -3.1402262724805574,
            "y": 15.054806942806115,
            "x": 14.009484855858737
        },
        "T_world_camera": [
            [
                0.9984932452181446,
                -0.05325203160160315,
                -0.013246146007047311,
                12860.344414031388
            ],
            [
                0.053256068699363945,
                0.9985808874800899,
                -4.8022546183968166e-05,
                15152.126770365838
            ],
            [
                0.013229905533555133,
                -0.0006574874737702465,
                0.9999122648061654,
                1211.6733765688693
            ],
            [
                0.0,
                0.0,
                0.0,
                1.0
            ]
        ]
    },
    {
        "timestamp": 1744968558.5685284,
        "joints": {
            "A1": 1.3478431848521597,
            "A2": 1.3661055856152227,
            "A3": -0.019325521389357784,
            "A4": -1.81052912132584,
            "A5": 2.8528619959290014,
            "A6": 1.6001395816871025,
            "A7": 0.017343210786112274
        },
        "position": {
            "A": 0.8698737404552603,
            "B": -1.5575229240214776,
            "C": -2.3791159088026723,
            "z": 44.228709668057206,
            "y": 537.4164697012388,
            "x": 85.79211483685623
        },
        "kmr_pose": {
            "theta": -3.1402262724805574,
            "y": 15.054806942806115,
            "x": 14.009484855858737
        },
        "T_world_camera": [
            [
                -0.07633707187603503,
                -0.008021211917682097,
                -0.9970498039801045,
                13046.631822638026
            ],
            [
                0.9970820684148515,
                -0.0005966517967577138,
                -0.07633474210472445,
                15318.524195698266
            ],
            [
                1.7405586101935933e-05,
                -0.9999676515597918,
                0.008043353221170415,
                839.5773374864494
            ],
            [
                0.0,
                0.0,
                0.0,
                1.0
            ]
        ]
    }
]