[
    {
        "joints": {
            "A1": -1.6221578384980069,
            "A2": 0.7953583125977868,
            "A3": -0.07733881721145322,
            "A4": 1.6279641356036083,
            "A5": 0.15128923864314972,
            "A6": -1.5042074791751716,
            "A7": -0.1396726058927736
        },
        "position": {
            "A": 1.5941341983733013,
            "B": -0.8235340569075398,
            "C": -3.046531648973388,
            "z": 819.5021138206912,
            "y": 104.16329381045921,
            "x": 13.548758466558004
        },
        "camera_in_world": [
            [
                -0.9921045671856593,
                -0.005747436615307118,
                0.12528166163372964,
                13727.007104540806
            ],
            [
                -0.09565403528176872,
                0.6807389432680491,
                -0.7262539477707599,
                17002.18758474907
            ],
            [
                -0.08111000741998146,
                -0.7325035550020579,
                -0.6759139801821513,
                1546.3858907125984
            ],
            [
                0.0,
                0.0,
                0.0,
                1.0
            ]
        ]
    },
    {
        "joints": {
            "A1": -1.6222072135352965,
            "A2": 0.7953548970975238,
            "A3": -0.07733863744254026,
            "A4": 1.6278909119510871,
            "A5": 0.15128617070339057,
            "A6": -1.4868740354697196,
            "A7": -0.13967098808164008
        },
        "position": {
            "A": 1.5916776153544894,
            "B": -0.840690567034999,
            "C": -3.047177142636803,
            "z": 821.4369591330455,
            "y": 105.94193585438045,
            "x": 13.880416777675084
        },
        "camera_in_world": [
            [
                -0.9923873855595269,
                -0.0038095911260027805,
                0.12309656371231373,
                13726.353967211913
            ],
            [
                -0.09412052749226926,
                0.6680821492334414,
                -0.7381108102312299,
                17000.861987600787
            ],
            [
                -0.07942671645551026,
                -0.744077770727683,
                -0.6633548581430737,
                1550.209843474082
            ],
            [
                0.0,
                0.0,
                0.0,
                1.0
            ]
        ]
    },
    {
        "joints": {
            "A1": -1.6222240513810888,
            "A2": 0.7953490248281724,
            "A3": -0.07733863744254026,
            "A4": 1.6278279349084384,
            "A5": 0.15128684178248797,
            "A6": -1.4694034324470058,
            "A7": -0.1396707483170341
        },
        "position": {
            "A": 1.5892036908022265,
            "B": -0.8579704919224088,
            "C": -3.047771158000131,
            "z": 823.413337818201,
            "y": 107.70359889711351,
            "x": 14.215876483877938
        },
        "camera_in_world": [
            [
                -0.9926641179899041,
                -0.0019173501273905633,
                0.12088950584651437,
                13725.69996931866
            ],
            [
                -0.09258087164110254,
                0.6551304850913076,
                -0.7498218653188243,
                16999.59052491546
            ],
            [
                -0.07776072955868626,
                -0.7555133164097881,
                -0.6505020350974958,
                1554.0806887721703
            ],
            [
                0.0,
                0.0,
                0.0,
                1.0
            ]
        ]
    },
    {
        "joints": {
            "A1": -1.6222269874612232,
            "A2": 0.7953484855214336,
            "A3": -0.07733857755593031,
            "A4": 1.6278351253377072,
            "A5": 0.15128684178248797,
            "A6": -1.4519277960038122,
            "A7": -0.1396705086615112
        },
        "position": {
            "A": 1.5867027890612062,
            "B": -0.8751938007758167,
            "C": -3.048299570372109,
            "z": 825.392914841668,
            "y": 109.44040522702832,
            "x": 14.554687840963263
        },
        "camera_in_world": [
            [
                -0.9929342625846371,
                -6.95779104752138e-05,
                0.11866568730857885,
                13725.045780514247
            ],
            [
                -0.09102371779638704,
                0.6420218366895448,
                -0.761263846515981,
                16998.375764172404
            ],
            [
                -0.07613299537012021,
                -0.7666863481063804,
                -0.6374918122166552,
                1557.9397574913282
            ],
            [
                0.0,
                0.0,
                0.0,
                1.0
            ]
        ]
    },
    {
        "joints": {
            "A1": -1.6222281259613107,
            "A2": 0.7953481859793006,
            "A3": -0.07733863744254026,
            "A4": 1.6278381814092273,
            "A5": 0.1512866501453361,
            "A6": -1.43438918251797,
            "A7": -0.1396706285438142
        },
        "position": {
            "A": 1.584156356134479,
            "B": -0.892482953154474,
            "C": -3.0487729778125914,
            "z": 827.4107083426195,
            "y": 111.14728542062771,
            "x": 14.899417230639676
        },
        "camera_in_world": [
            [
                -0.9932006088048808,
                0.001744389616644259,
                0.11640235295938059,
                13724.386389152885
            ],
            [
                -0.08943403869797455,
                0.6286667574275112,
                -0.7725151524907122,
                16997.226316111864
            ],
            [
                -0.07452585720261168,
                -0.7776728523038751,
                -0.6242361984039149,
                1561.8348185040968
            ],
            [
                0.0,
                0.0,
                0.0,
                1.0
            ]
        ]
    },
    {
        "joints": {
            "A1": -1.6222289649192656,
            "A2": 0.7953481260926907,
            "A3": -0.07733863744254026,
            "A4": 1.6278402186447967,
            "A5": 0.15128684178248797,
            "A6": -1.4168699234245352,
            "A7": -0.1396706285438142
        },
        "position": {
            "A": 1.5815705919260226,
            "B": -0.9097555545910329,
            "C": -3.049185015454837,
            "z": 829.4561165600151,
            "y": 112.81570446305328,
            "x": 15.24851315952161
        },
        "camera_in_world": [
            [
                -0.9934618965781077,
                0.003516328529392312,
                0.11411001481510287,
                13723.724789102554
            ],
            [
                -0.08781840701379005,
                0.6151321076169541,
                -0.7835179752681392,
                16996.148018185682
            ],
            [
                -0.07294784052314322,
                -0.7884162134383067,
                -0.6108015119092393,
                1565.7457215959835
            ],
            [
                0.0,
                0.0,
                0.0,
                1.0
            ]
        ]
    },
    {
        "joints": {
            "A1": -1.6222294442303113,
            "A2": 0.7953480062103877,
            "A3": -0.07733875732484327,
            "A4": 1.6278423158760593,
            "A5": 0.15128684178248797,
            "A6": -1.3994199931723128,
            "A7": -0.1396707483170341
        },
        "position": {
            "A": 1.5789483723652715,
            "B": -0.926959193494789,
            "C": -3.0495307382026566,
            "z": 831.5215568639755,
            "y": 114.44115546740888,
            "x": 15.600861082470638
        },
        "camera_in_world": [
            [
                -0.9937173301659556,
                0.005241159439868072,
                0.11179623417437173,
                13723.063053120855
            ],
            [
                -0.08618184238644475,
                0.6014644507384723,
                -0.7942374988256002,
                16995.143155618884
            ],
            [
                -0.07140418594678513,
                -0.7988823722836759,
                -0.5972339554007986,
                1569.6587424693705
            ],
            [
                0.0,
                0.0,
                0.0,
                1.0
            ]
        ]
    },
    {
        "joints": {
            "A1": -1.6222295641126143,
            "A2": 0.7953476466725616,
            "A3": -0.07733863744254026,
            "A4": 1.6278484279100167,
            "A5": 0.15128684178248797,
            "A6": -1.3819967877288462,
            "A7": -0.13967068843042416
        },
        "position": {
            "A": 1.5762786558572819,
            "B": -0.9441334394177684,
            "C": -3.0498069154978475,
            "z": 833.6097693585775,
            "y": 116.02825094671543,
            "x": 15.95723831343896
        },
        "camera_in_world": [
            [
                -0.9939674751156716,
                0.006922993399342133,
                0.10945652367296124,
                13722.399731228861
            ],
            [
                -0.08452102928195988,
                0.5876380365480735,
                -0.8046972931550367,
                16994.208072438712
            ],
            [
                -0.0698917307075376,
                -0.8090943147521913,
                -0.5835079569417946,
                1573.5804126403325
            ],
            [
                0.0,
                0.0,
                0.0,
                1.0
            ]
        ]
    },
    {
        "joints": {
            "A1": -1.6222299835370504,
            "A2": 0.7953458490925153,
            "A3": -0.07733875732484327,
            "A4": 1.6278567569484563,
            "A5": 0.15128684178248797,
            "A6": -1.3645467974809307,
            "A7": -0.1396705086615112
        },
        "position": {
            "A": 1.573547319715198,
            "B": -0.961330977422517,
            "C": -3.050009385155617,
            "z": 835.7271822016105,
            "y": 117.58171380426785,
            "x": 16.318538697064074
        },
        "camera_in_world": [
            [
                -0.9942130481912703,
                0.008566816828835372,
                0.10708419330435212,
                13721.733035090656
            ],
            [
                -0.08283103607708052,
                0.5736146713889149,
                -0.8149265170736466,
                16993.33983010799
            ],
            [
                -0.06840639055395374,
                -0.8190804712705637,
                -0.5695855926149919,
                1577.5222464301835
            ],
            [
                0.0,
                0.0,
                0.0,
                1.0
            ]
        ]
    },
    {
        "joints": {
            "A1": -1.6222305827303993,
            "A2": 0.7953436918655598,
            "A3": -0.07733887720714626,
            "A4": 1.6278676625292046,
            "A5": 0.15128684178248797,
            "A6": -1.347083145341046,
            "A7": -0.1396706285438142
        },
        "position": {
            "A": 1.5707491758844785,
            "B": -0.9785394224610638,
            "C": -3.050132042721088,
            "z": 837.8714232719764,
            "y": 119.09925167756083,
            "x": 16.684544805526674
        },
        "camera_in_world": [
            [
                -0.9944538300933369,
                0.010171346846630187,
                0.10468105614684259,
                13721.063418053362
            ],
            [
                -0.08111281271986794,
                0.55940809010774,
                -0.824914116944717,
                16992.540115022737
            ],
            [
                -0.06694991729169275,
                -0.8288299779962934,
                -0.5554804912409607,
                1581.479982576836
            ],
            [
                0.0,
                0.0,
                0.0,
                1.0
            ]
        ]
    },
    {
        "joints": {
            "A1": -1.622230882381615,
            "A2": 0.795342912903298,
            "A3": -0.07733863744254026,
            "A4": 1.6278865976062595,
            "A5": 0.15128684178248797,
            "A6": -1.329640345631483,
            "A7": -0.13967080831272713
        },
        "position": {
            "A": 1.567885054181431,
            "B": -0.9957194107994639,
            "C": -3.0501683967056428,
            "z": 840.0355587693451,
            "y": 120.57725430986578,
            "x": 17.054304573045886
        },
        "camera_in_world": [
            [
                -0.9946890990567251,
                0.011731874899354613,
                0.10225438537816503,
                13720.392737072118
            ],
            [
                -0.07937205942821107,
                0.5450552726009421,
                -0.8346345463686707,
                16991.810640598782
            ],
            [
                -0.06552611998161444,
                -0.8383180261221025,
                -0.5412293549678329,
                1585.4420215820664
            ],
            [
                0.0,
                0.0,
                0.0,
                1.0
            ]
        ]
    },
    {
        "joints": {
            "A1": -1.6222313616926611,
            "A2": 0.7953364414405978,
            "A3": -0.07733863744254026,
            "A4": 1.6279148804486216,
            "A5": 0.15128684178248797,
            "A6": -1.3121585372677218,
            "A7": -0.1396705086615112
        },
        "position": {
            "A": 1.5649358489810008,
            "B": -1.012924672562043,
            "C": -3.0501111668084153,
            "z": 842.2250871675146,
            "y": 122.02466874795375,
            "x": 17.429082941806616
        },
        "camera_in_world": [
            [
                -0.9949196836772447,
                0.013254224672292756,
                0.09979553376733823,
                13719.718629964505
            ],
            [
                -0.07760163712411605,
                0.5305155985430641,
                -0.8441156233704903,
                16991.14455861276
            ],
            [
                -0.06413118545004898,
                -0.847571545788809,
                -0.5267918619549284,
                1589.4189569361927
            ],
            [
                0.0,
                0.0,
                0.0,
                1.0
            ]
        ]
    },
    {
        "joints": {
            "A1": -1.6222315414615738,
            "A2": 0.7953294306711587,
            "A3": -0.07733899698036618,
            "A4": 1.6279412457195517,
            "A5": 0.15128684178248797,
            "A6": -1.294661928511904,
            "A7": -0.1396705086615112
        },
        "position": {
            "A": 1.5618972126995028,
            "B": -1.0301474057941677,
            "C": -3.0499529912729084,
            "z": 844.4418684734733,
            "y": 123.43429175370812,
            "x": 17.80829030085426
        },
        "camera_in_world": [
            [
                -0.9951452341489024,
                0.014735390777961328,
                0.09730791956128992,
                13719.0421867812
            ],
            [
                -0.07580513130569609,
                0.5157993668721406,
                -0.8533490465231824,
                16990.548619001715
            ],
            [
                -0.06276579497187838,
                -0.8565826763324831,
                -0.5121782634870679,
                1593.411257104594
            ],
            [
                0.0,
                0.0,
                0.0,
                1.0
            ]
        ]
    },
    {
        "joints": {
            "A1": -1.6222317212304869,
            "A2": 0.7953270337886803,
            "A3": -0.07733899698036618,
            "A4": 1.6279594018343448,
            "A5": 0.15128684178248797,
            "A6": -1.2771741279964888,
            "A7": -0.1396706285438142
        },
        "position": {
            "A": 1.5587662665281345,
            "B": -1.0473703318150331,
            "C": -3.0496876241649584,
            "z": 846.684904288297,
            "y": 124.79935121370522,
            "x": 18.19110216459359
        },
        "camera_in_world": [
            [
                -0.9953654330194845,
                0.01617151325969073,
                0.0947952367412277,
                13718.364830879294
            ],
            [
                -0.07398621606619138,
                0.5009254663345443,
                -0.8623222814062764,
                16990.028592660707
            ],
            [
                -0.061430404378781535,
                -0.8653393319018907,
                -0.497407424634422,
                1597.4155885282873
            ],
            [
                0.0,
                0.0,
                0.0,
                1.0
            ]
        ]
    },
    {
        "joints": {
            "A1": -1.6222317212304869,
            "A2": 0.7953254159775467,
            "A3": -0.07733887720714626,
            "A4": 1.6279757602600082,
            "A5": 0.1512866501453361,
            "A6": -1.2597096368986493,
            "A7": -0.13967032889259823
        },
        "position": {
            "A": 1.5555338924553221,
            "B": -1.0645736685512193,
            "C": -3.049303913604639,
            "z": 848.9489675998802,
            "y": 126.12232654221204,
            "x": 18.57710181501121
        },
        "camera_in_world": [
            [
                -0.9955799940105325,
                0.017561778421284827,
                0.09226082302185419,
                13717.687266476441
            ],
            [
                -0.07214663644692074,
                0.4859155950052882,
                -0.8710229029021297,
                16989.580725444102
            ],
            [
                -0.060127683934973475,
                -0.8738292845111904,
                -0.4825008219218673,
                1601.4242111744265
            ],
            [
                0.0,
                0.0,
                0.0,
                1.0
            ]
        ]
    },
    {
        "joints": {
            "A1": -1.6222318411127898,
            "A2": 0.7953199032460213,
            "A3": -0.07733899698036618,
            "A4": 1.6279894822567536,
            "A5": 0.15128684178248797,
            "A6": -1.2423269980339036,
            "A7": -0.1396705086615112
        },
        "position": {
            "A": 1.5521995814200376,
            "B": -1.0816928814997855,
            "C": -3.048792507400045,
            "z": 851.2249780275549,
            "y": 127.40014652605367,
            "x": 18.965111724123634
        },
        "camera_in_world": [
            [
                -0.9957881769224939,
                0.018901721000971698,
                0.08971416635391503,
                13717.0116924936
            ],
            [
                -0.07029280140498334,
                0.4708317575323636,
                -0.8794182043656052,
                16989.20426957658
            ],
            [
                -0.05886279616205892,
                -0.8820205105564084,
                -0.4675200425498322,
                1605.4211264861356
            ],
            [
                0.0,
                0.0,
                0.0,
                1.0
            ]
        ]
    },
    {
        "joints": {
            "A1": -1.6222318411127898,
            "A2": 0.7953152892499775,
            "A3": -0.07733893709375621,
            "A4": 1.628002664837677,
            "A5": 0.1512869377755968,
            "A6": -1.2249422619378958,
            "A7": -0.13967068843042416
        },
        "position": {
            "A": 1.5487352300354023,
            "B": -1.0988170839048248,
            "C": -3.0481396683336155,
            "z": 853.5235558578277,
            "y": 128.63703837433096,
            "x": 19.356451304162217
        },
        "camera_in_world": [
            [
                -0.9959909963538993,
                0.02019721483838402,
                0.08714360386591787,
                13716.335497485446
            ],
            [
                -0.06841682028990857,
                0.455600828779859,
                -0.8875511385359857,
                16988.899225690922
            ],
            [
                -0.057628759169239645,
                -0.8899550310706034,
                -0.4523924941781595,
                1609.4255145356558
            ],
            [
                0.0,
                0.0,
                0.0,
                1.0
            ]
        ]
    },
    {
        "joints": {
            "A1": -1.6222319609950928,
            "A2": 0.7953063610181889,
            "A3": -0.07733899698036618,
            "A4": 1.6280124919140302,
            "A5": 0.1512866501453361,
            "A6": -1.2074138350662325,
            "A7": -0.13967068843042416
        },
        "position": {
            "A": 1.5450932909198438,
            "B": -1.1160802400164231,
            "C": -3.0473213309218945,
            "z": 855.8627778900623,
            "y": 129.8448363576645,
            "x": 19.7548469181794
        },
        "camera_in_world": [
            [
                -0.9961899519580355,
                0.021458763557708326,
                0.08452869976772023,
                13715.652671098695
            ],
            [
                -0.06650297744867881,
                0.44010622557951146,
                -0.8954796838547577,
                16988.661161463897
            ],
            [
                -0.05641749381448581,
                -0.8976892734530868,
                -0.4370023280475309,
                1613.4681042993493
            ],
            [
                0.0,
                0.0,
                0.0,
                1.0
            ]
        ]
    },
    {
        "joints": {
            "A1": -1.6222319609950928,
            "A2": 0.7952974926730102,
            "A3": -0.07733887720714626,
            "A4": 1.6280276519529964,
            "A5": 0.15128684178248797,
            "A6": -1.1899521601662242,
            "A7": -0.1396705086615112
        },
        "position": {
            "A": 1.5412987713741704,
            "B": -1.1332707181340342,
            "C": -3.0463275520696276,
            "z": 858.2110598164033,
            "y": 131.00720578078293,
            "x": 20.15482598004826
        },
        "camera_in_world": [
            [
                -0.9963824391530262,
                0.02267036355285785,
                0.08190292768789,
                13714.97231312984
            ],
            [
                -0.06457585115378899,
                0.4245415054561276,
                -0.9031026905024746,
                16988.49443058994
            ],
            [
                -0.055244858541136456,
                -0.9051246128359488,
                -0.42154174270568245,
                1617.4958460414248
            ],
            [
                0.0,
                0.0,
                0.0,
                1.0
            ]
        ]
    },
    {
        "joints": {
            "A1": -1.6222319609950928,
            "A2": 0.7952907815547872,
            "A3": -0.07733905697605922,
            "A4": 1.6280411941808288,
            "A5": 0.1512866501453361,
            "A6": -1.1723897579517601,
            "A7": -0.13967044877490126
        },
        "position": {
            "A": 1.5372943758135718,
            "B": -1.1505603068306278,
            "C": -3.045129364678924,
            "z": 860.5933862958232,
            "y": 132.13270546527042,
            "x": 20.560314892872874
        },
        "camera_in_world": [
            [
                -0.996570345204467,
                0.023842507714917117,
                0.07924065802928161,
                13714.287886912563
            ],
            [
                -0.06261709830741649,
                0.4087553045660145,
                -0.9104933827264773,
                16988.400213896522
            ],
            [
                -0.05409848480880756,
                -0.9123325248038725,
                -0.40586046632602996,
                1621.5499728751881
            ],
            [
                0.0,
                0.0,
                0.0,
                1.0
            ]
        ]
    },
    {
        "joints": {
            "A1": -1.6222320807683128,
            "A2": 0.7952743631334306,
            "A3": -0.07733905697605922,
            "A4": 1.628073132069894,
            "A5": 0.1512866501453361,
            "A6": -1.1549310193500522,
            "A7": -0.13967068843042416
        },
        "position": {
            "A": 1.5330988394844063,
            "B": -1.1677192918277186,
            "C": -3.043712206903743,
            "z": 862.9714198711198,
            "y": 133.21800391755002,
            "x": 20.966699650709568
        },
        "camera_in_world": [
            [
                -0.9967512376041077,
                0.024963358182719858,
                0.07657546005687005,
                13713.607244606774
            ],
            [
                -0.060649389840479864,
                0.39296193524623124,
                -0.9175524883948135,
                16988.367774882
            ],
            [
                -0.05299643239556386,
                -0.9192158333034621,
                -0.39017128284583463,
                1625.5695221870533
            ],
            [
                0.0,
                0.0,
                0.0,
                1.0
            ]
        ]
    },
    {
        "joints": {
            "A1": -1.622232020881703,
            "A2": 0.7952568662076792,
            "A3": -0.07733905697605922,
            "A4": 1.6281197506868794,
            "A5": 0.15128684178248797,
            "A6": -1.1374373465652854,
            "A7": -0.13967056865720423
        },
        "position": {
            "A": 1.5286503409161698,
            "B": -1.1848951703550081,
            "C": -3.042037343216214,
            "z": 865.3656572988897,
            "y": 134.26726005628637,
            "x": 21.376965473607942
        },
        "camera_in_world": [
            [
                -0.9969265852842889,
                0.02604167754844302,
                0.0738864979808251,
                13712.925256918294
            ],
            [
                -0.058658088242470555,
                0.37703126433903045,
                -0.9243412002040428,
                16988.401439248442
            ],
            [
                -0.051928915231748266,
                -0.9258343570754841,
                -0.374344935883309,
                1629.588809387466
            ],
            [
                0.0,
                0.0,
                0.0,
                1.0
            ]
        ]
    },
    {
        "joints": {
            "A1": -1.6222319609950928,
            "A2": 0.7952463799422841,
            "A3": -0.07733917674927913,
            "A4": 1.6281650511439472,
            "A5": 0.15128684178248797,
            "A6": -1.1200115645795106,
            "A7": -0.13967044877490126
        },
        "position": {
            "A": 1.5239456040701453,
            "B": -1.2020077162044127,
            "C": -3.0400859028925216,
            "z": 867.7691024445965,
            "y": 135.26537248599803,
            "x": 21.7881212771668
        },
        "camera_in_world": [
            [
                -0.9970954520611925,
                0.02706851708212122,
                0.07118956989518282,
                13712.246759220503
            ],
            [
                -0.0566568202602532,
                0.36104265506612826,
                -0.9308266250708549,
                16988.51085543456
            ],
            [
                -0.05089856772919633,
                -0.9321563691815746,
                -0.358460373259501,
                1633.5928539671338
            ],
            [
                0.0,
                0.0,
                0.0,
                1.0
            ]
        ]
    },
    {
        "joints": {
            "A1": -1.6222321407640057,
            "A2": 0.7952385902105832,
            "A3": -0.07733923663588908,
            "A4": 1.6282192797237205,
            "A5": 0.15128684178248797,
            "A6": -1.1025347296405363,
            "A7": -0.13967056865720423
        },
        "position": {
            "A": 1.518909707900104,
            "B": -1.219161993492273,
            "C": -3.037802607722561,
            "z": 870.1929676987234,
            "y": 136.224288655007,
            "x": 22.203190995617042
        },
        "camera_in_world": [
            [
                -0.997258920573265,
                0.028051860753053857,
                0.068467061024538,
                13711.566860314391
            ],
            [
                -0.05463147923049143,
                0.3449022870190356,
                -0.9370473914835509,
                16988.690538635467
            ],
            [
                -0.04990036887774405,
                -0.9382193269792146,
                -0.3424243678077467,
                1637.6022958941082
            ],
            [
                0.0,
                0.0,
                0.0,
                1.0
            ]
        ]
    },
    {
        "joints": {
            "A1": -1.6222322605372257,
            "A2": 0.7952270853274033,
            "A3": -0.07733923663588908,
            "A4": 1.6282782420727575,
            "A5": 0.15128684178248797,
            "A6": -1.085069639349348,
            "A7": -0.13967056865720423
        },
        "position": {
            "A": 1.5135091145046764,
            "B": -1.2362912110914739,
            "C": -3.0351439897542747,
            "z": 872.6282394548873,
            "y": 137.14239974463703,
            "x": 22.62063285094528
        },
        "camera_in_world": [
            [
                -0.9974162760052787,
                0.028988342086818986,
                0.06573011777579134,
                13710.888123678817
            ],
            [
                -0.05259007396535789,
                0.32867691154194606,
                -0.9429770792228017,
                16988.93743244111
            ],
            [
                -0.048939314258375534,
                -0.9439974384723222,
                -0.3263032020646054,
                1641.601498495063
            ],
            [
                0.0,
                0.0,
                0.0,
                1.0
            ]
        ]
    },
    {
        "joints": {
            "A1": -1.6222322605372257,
            "A2": 0.7952161198600453,
            "A3": -0.07733929663158214,
            "A4": 1.6283541022632801,
            "A5": 0.15128684178248797,
            "A6": -1.067666627256244,
            "A7": -0.13967044877490126
        },
        "position": {
            "A": 1.5077032184602088,
            "B": -1.2533376307380426,
            "C": -3.032061259824683,
            "z": 875.0622853948165,
            "y": 138.01765052172294,
            "x": 23.038923176028508
        },
        "camera_in_world": [
            [
                -0.9975669995994453,
                0.029875420804768543,
                0.06298841593418479,
                13710.212923657045
            ],
            [
                -0.05053970132852062,
                0.31242616163973747,
                -0.9485966646118275,
                16989.24913576331
            ],
            [
                -0.048018953547362964,
                -0.9494721442753327,
                -0.3101561338187874,
                1645.572334945733
            ],
            [
                0.0,
                0.0,
                0.0,
                1.0
            ]
        ]
    },
    {
        "joints": {
            "A1": -1.6222321407640057,
            "A2": 0.7952089892083032,
            "A3": -0.07733923663588908,
            "A4": 1.6283607534948934,
            "A5": 0.15128684178248797,
            "A6": -1.0502829697737137,
            "A7": -0.13967056865720423
        },
        "position": {
            "A": 1.501414263190216,
            "B": -1.2704320486260259,
            "C": -3.0284895392953946,
            "z": 877.5386524161182,
            "y": 138.83111142184333,
            "x": 23.459051836700233
        },
        "camera_in_world": [
            [
                -0.9977121680973551,
                0.030707823857389887,
                0.060228391846528354,
                13709.539915788342
            ],
            [
                -0.048475188959094,
                0.29603037679703026,
                -0.9539476778465308,
                16989.65330954416
            ],
            [
                -0.04712309079268441,
                -0.9546847885911621,
                -0.2938645414928324,
                1649.5697477743295
            ],
            [
                0.0,
                0.0,
                0.0,
                1.0
            ]
        ]
    },
    {
        "joints": {
            "A1": -1.6222323804195287,
            "A2": 0.7951947280139021,
            "A3": -0.07733953628710505,
            "A4": 1.6283401406110118,
            "A5": 0.15128684178248797,
            "A6": -1.0327939709806837,
            "A7": -0.13967044877490126
        },
        "position": {
            "A": 1.494493973833928,
            "B": -1.287642514805233,
            "C": -3.024298049788711,
            "z": 880.0546363844651,
            "y": 139.602897673106,
            "x": 23.88428254560238
        },
        "camera_in_world": [
            [
                -0.9978523233811051,
                0.03149595380410669,
                0.0574347074241774,
                13708.86388313793
            ],
            [
                -0.04638136933991662,
                0.2794260063083114,
                -0.9590463365118196,
                16990.13484256766
            ],
            [
                -0.04625483002979831,
                -0.9596505154964268,
                -0.27736506414175055,
                1653.5964626200696
            ],
            [
                0.0,
                0.0,
                0.0,
                1.0
            ]
        ]
    },
    {
        "joints": {
            "A1": -1.6222323804195287,
            "A2": 0.7951775905168937,
            "A3": -0.0773393565181921,
            "A4": 1.6283254599921748,
            "A5": 0.15128684178248797,
            "A6": -1.015263566541895,
            "A7": -0.13967044877490126
        },
        "position": {
            "A": 1.4868462657882928,
            "B": -1.3048755648589092,
            "C": -3.0193779668928458,
            "z": 882.5865349350906,
            "y": 140.3345909534485,
            "x": 24.312402816466232
        },
        "camera_in_world": [
            [
                -0.9979865764677759,
                0.03223734678554498,
                0.05462185150978447,
                13708.188184917053
            ],
            [
                -0.044268034233097636,
                0.26270523072637175,
                -0.9638601054583291,
                16990.68546163772
            ],
            [
                -0.045421738575991785,
                -0.9643374488327375,
                -0.2607492098617021,
                1657.6199874582096
            ],
            [
                0.0,
                0.0,
                0.0,
                1.0
            ]
        ]
    },
    {
        "joints": {
            "A1": -1.6222323804195287,
            "A2": 0.7951481692835267,
            "A3": -0.0773393565181921,
            "A4": 1.628321085760737,
            "A5": 0.15128684178248797,
            "A6": -0.99770817509687,
            "A7": -0.13967056865720423
        },
        "position": {
            "A": 1.4783254404095618,
            "B": -1.3220993451972667,
            "C": -3.013582207783955,
            "z": 885.1278651299099,
            "y": 141.03145315035474,
            "x": 24.743562594613284
        },
        "camera_in_world": [
            [
                -0.9981147081731458,
                0.03293225938051377,
                0.05179281437159659,
                13707.51283527918
            ],
            [
                -0.042136392761230886,
                0.2459015886124007,
                -0.9683785071566638,
                16991.297384337075
            ],
            [
                -0.044626827508880806,
                -0.9687351934403914,
                -0.24405034574140724,
                1661.630750823312
            ],
            [
                0.0,
                0.0,
                0.0,
                1.0
            ]
        ]
    },
    {
        "joints": {
            "A1": -1.6222322605372257,
            "A2": 0.7951049661668044,
            "A3": -0.07733953628710505,
            "A4": 1.6283174904915612,
            "A5": 0.1512866501453361,
            "A6": -0.9801951479196959,
            "A7": -0.13967056865720423
        },
        "position": {
            "A": 1.4687773179526138,
            "B": -1.339253016994282,
            "C": -3.00674640840627,
            "z": 887.6722804650439,
            "y": 141.68808451082245,
            "x": 25.175703278511808
        },
        "camera_in_world": [
            [
                -0.9982362365619918,
                0.03357686317678951,
                0.048959271581172005,
                13706.84099170933
            ],
            [
                -0.0399959486358243,
                0.2290775096242232,
                -0.9725861497456584,
                16991.971060181324
            ],
            [
                -0.04387186008448141,
                -0.9728289103658316,
                -0.227330532593307,
                1665.617087754496
            ],
            [
                0.0,
                0.0,
                0.0,
                1.0
            ]
        ]
    },
    {
        "joints": {
            "A1": -1.6222325001927487,
            "A2": 0.7950561903228635,
            "A3": -0.07733953628710505,
            "A4": 1.62830988041969,
            "A5": 0.15128684178248797,
            "A6": -0.9626361012098017,
            "A7": -0.1396706285438142
        },
        "position": {
            "A": 1.457899249418254,
            "B": -1.3564320235627618,
            "C": -2.9985825015045178,
            "z": 890.23469276393,
            "y": 142.30347201316516,
            "x": 25.610745712902563
        },
        "camera_in_world": [
            [
                -0.9983517903589062,
                0.034173631030361196,
                0.046107110399240266,
                13706.169609463921
            ],
            [
                -0.03783660467192337,
                0.2121413234976796,
                -0.9765062468881363,
                16992.714732746583
            ],
            [
                -0.04315198760274641,
                -0.9766412963861676,
                -0.21049865595551637,
                1669.6018045566004
            ],
            [
                0.0,
                0.0,
                0.0,
                1.0
            ]
        ]
    },
    {
        "joints": {
            "A1": -1.6222325001927487,
            "A2": 0.7950153240929264,
            "A3": -0.07733953628710505,
            "A4": 1.6283014316080302,
