[
    {
        "grabbing_pose_name": "front",
        "T_world_obj": [
            [
                -0.05707721445519991,
                -0.9953719728650623,
                -0.07731027875001673,
                12715.533687882722
            ],
            [
                0.9974271016947739,
                -0.05348785052605359,
                -0.04773054335618618,
                15287.760857150284
            ],
            [
                0.043374476850453786,
                -0.07983590942553159,
                0.9958638228836005,
                781.0701736510212
            ],
            [
                0.0,
                0.0,
                0.0,
                1.0
            ]
        ],
        "kmr_pose_before_grab": {
            "theta": 2.92841533823372,
            "y": 14.961970702097915,
            "x": 13.874693531494477
        },
        "end_pose_before_grab": {
            "A": 0.9105857433380051,
            "B": -1.5319535316137052,
            "C": -2.192121565499892,
            "z": 94.90684604111647,
            "y": 594.5162958499856,
            "x": -23.677235915310753
        },
        "T_object_ee_grasp": [
            [
                0.03042751504839338,
                0.9995351870446892,
                -0.001884949540420594,
                12.246808990522595
            ],
            [
                -0.03166062734562366,
                0.002848662338101972,
                0.9994946606920672,
                -194.94218364534754
            ],
            [
                0.9990353454624913,
                -0.030352467122783406,
                0.031732380213627995,
                6.407736382974463
            ],
            [
                0.0,
                0.0,
                0.0,
                1.0
            ]
        ],
        "T_object_ee_before_grasp": [
            [
                0.07445454545393351,
                0.9970190898500252,
                -0.020234425693052345,
                19.313351309008567
            ],
            [
                -0.05654335791872505,
                0.0244788477003713,
                0.9981000559280229,
                -258.9421657330968
            ],
            [
                0.9956200230752531,
                -0.073168970157619,
                0.05819715762412487,
                -7.705733919208683
            ],
            [
                0.0,
                0.0,
                0.0,
                1.0
            ]
        ]
    },
    {
        "grabbing_pose_name": "down",
        "T_world_obj": [
            [
                -0.05707721445519991,
                -0.9953719728650623,
                -0.07731027875001673,
                12715.533687882722
            ],
            [
                0.9974271016947739,
                -0.05348785052605359,
                -0.04773054335618618,
                15287.760857150284
            ],
            [
                0.043374476850453786,
                -0.07983590942553159,
                0.9958638228836005,
                781.0701736510212
            ],
            [
                0.0,
                0.0,
                0.0,
                1.0
            ]
        ],
        "kmr_pose_before_grab": {
            "theta": 2.9284881863549233,
            "y": 14.975081046899641,
            "x": 13.813835975546606
        },
        "end_pose_before_grab": {
            "A": 1.8675259477592323,
            "B": -0.010694051964914422,
            "C": -3.0826521051086626,
            "z": 364.266158007962,
            "y": 795.2357003931243,
            "x": -89.59134740822745
        },
        "T_object_ee_grasp": [
            [
                -0.0425315168334664,
                0.9964574066714063,
                -0.0725512481821794,
                13.787435632178017
            ],
            [
                0.9949493732543024,
                0.04885169404918555,
                0.08768890239010164,
                -1.0758143994844431
            ],
            [
                0.09092229371057013,
                -0.06845528895631667,
                -0.9935023138463933,
                215.43453886811614
            ],
            [
                0.0,
                0.0,
                0.0,
                1.0
            ]
        ],
        "T_object_ee_before_grasp": [
            [
                -0.02596970488624386,
                0.9944032850031884,
                -0.10240926740408285,
                37.56049686810604
            ],
            [
                0.99545059212288,
                0.03511862335015044,
                0.08857137172463272,
                -10.220240886048487
            ],
            [
                0.09167192120136487,
                -0.09964319920510012,
                -0.9907912643000264,
                281.9168941633375
            ],
            [
                0.0,
                0.0,
                0.0,
                1.0
            ]
        ]
    },
    {
        "grabbing_pose_name": "down, side left",
        "T_world_obj": [
            [
                -0.05707721445519991,
                -0.9953719728650623,
                -0.07731027875001673,
                12715.533687882722
            ],
            [
                0.9974271016947739,
                -0.05348785052605359,
                -0.04773054335618618,
                15287.760857150284
            ],
            [
                0.043374476850453786,
                -0.07983590942553159,
                0.9958638228836005,
                781.0701736510212
            ],
            [
                0.0,
                0.0,
                0.0,
                1.0
            ]
        ],
        "kmr_pose_before_grab": {
            "theta": 2.9284881863549233,
            "y": 14.975081046899641,
            "x": 13.813835975546606
        },
        "end_pose_before_grab": {
            "A": -2.857140448476353,
            "B": 0.0517128469681275,
            "C": -3.1166267228661244,
            "z": 347.93414311050356,
            "y": 783.7673666781798,
            "x": -154.75750319792994
        },
        "T_object_ee_grasp": [
            [
                -0.9987658856194263,
                -0.04576868141884255,
                0.01928497786558688,
                -38.7534236918674
            ],
            [
                -0.04431191185972166,
                0.996549366732068,
                0.07018476391807366,
                3.683051668020198
            ],
            [
                -0.022430675136567803,
                0.06924338186868434,
                -0.9973475104386268,
                221.63015218593566
            ],
            [
                0.0,
                0.0,
                0.0,
                1.0
            ]
        ],
        "T_object_ee_before_grasp": [
            [
                -0.999864952513674,
                -0.013959707584507736,
                0.008670648547567203,
                -28.94843075121662
            ],
            [
                -0.013455295576559459,
                0.9983550115522587,
                0.05573430615358763,
                -2.8183676104399638
            ],
            [
                -0.009434406391692789,
                0.05560990231127228,
                -0.9984079168550241,
                269.00720870833067
            ],
            [
                0.0,
                0.0,
                0.0,
                1.0
            ]
        ]
    },
    {
        "grabbing_pose_name": "down, side right",
        "T_world_obj": [
            [
                -0.05707721445519991,
                -0.9953719728650623,
                -0.07731027875001673,
                12715.533687882722
            ],
            [
                0.9974271016947739,
                -0.05348785052605359,
                -0.04773054335618618,
                15287.760857150284
            ],
            [
                0.043374476850453786,
                -0.07983590942553159,
                0.9958638228836005,
                781.0701736510212
            ],
            [
                0.0,
                0.0,
                0.0,
                1.0
            ]
        ],
        "kmr_pose_before_grab": {
            "theta": 2.9284881863549233,
            "y": 14.975081046899641,
            "x": 13.813835975546606
        },
        "end_pose_before_grab": {
            "A": -2.786111080676366,
            "B": 0.046563825082301516,
            "C": 3.100414296489152,
            "z": 356.11640809908516,
            "y": 788.4098888028471,
            "x": -100.3336209184534
        },
        "T_object_ee_grasp": [
            [
                -0.9997280607804342,
                -0.023185278850890535,
                -0.0024948306658995403,
                20.572674268076298
            ],
            [
                -0.023314510359671047,
                0.9959185327452621,
                0.08719401753674849,
                -5.982782646500709
            ],
            [
                0.0004630450430104932,
                0.08722825790970604,
                -0.9961881621004876,
                213.6747567145621
            ],
            [
                0.0,
                0.0,
                0.0,
                1.0
            ]
        ],
        "T_object_ee_before_grasp": [
            [
                -0.996373688629434,
                -0.08508350837797479,
                -0.0004960406464553715,
                25.0437251898378
            ],
            [
                -0.08448140884573913,
                0.9885961458449862,
                0.12466209902317085,
                -13.30990375201327
            ],
            [
                -0.010116276608718555,
                0.1242517256641473,
                -0.9921990764533491,
                274.0307701527735
            ],
            [
                0.0,
                0.0,
                0.0,
                1.0
            ]
        ]
    }
]