[
    {
        "grabbing_pose_name": "front",
        "T_world_obj": [
            [
                0.9971763589090146,
                -0.044780931127989906,
                0.06028180023450502,
                12676.491736444084
            ],
            [
                0.0436896302534932,
                0.9988587272295981,
                0.019301908810482125,
                15077.115345313603
            ],
            [
                -0.06107735502435602,
                -0.01661372435405975,
                0.9979948007843644,
                850.2438184041132
            ],
            [
                0.0,
                0.0,
                0.0,
                1.0
            ]
        ],
        "kmr_pose_before_grab": {
            "theta": -3.00221162990802,
            "y": 15.0736760435788,
            "x": 14.0105971579272
        },
        "end_pose_before_grab": {
            "A": 0.9061461915796021,
            "B": -1.5257421271849767,
            "C": -2.585520587918587,
            "z": 174.63001035151245,
            "y": 670.8253656469747,
            "x": -19.53575245590447
        },
        "T_object_ee_grasp": [
            [
                -0.0902413670529317,
                -0.02740255016075481,
                -0.9955428236759095,
                183.27227918199424
            ],
            [
                -0.025984931900527287,
                0.9993459229681667,
                -0.025151822068452616,
                2.9751204842254992
            ],
            [
                0.9955809159056638,
                0.02359937286066437,
                -0.09089439477155474,
                25.96084081519257
            ],
            [
                0.0,
                0.0,
                0.0,
                1.0
            ]
        ],
        "T_object_ee_before_grasp": [
            [
                -0.09888584633636044,
                0.014860232437946593,
                -0.9949877791921518,
                285.8460598105721
            ],
            [
                0.0077069467928175105,
                0.9998699905997448,
                0.014167196671688063,
                2.504705716643457
            ],
            [
                0.9950689789480739,
                -0.006267388480102599,
                -0.09898751685309269,
                41.970689146908626
            ],
            [
                0.0,
                0.0,
                0.0,
                1.0
            ]
        ]
    },
    {
        "grabbing_pose_name": "top",
        "T_world_obj": [
            [
                0.9971763589090146,
                -0.044780931127989906,
                0.06028180023450502,
                12676.491736444084
            ],
            [
                0.0436896302534932,
                0.9988587272295981,
                0.019301908810482125,
                15077.115345313603
            ],
            [
                -0.06107735502435602,
                -0.01661372435405975,
                0.9979948007843644,
                850.2438184041132
            ],
            [
                0.0,
                0.0,
                0.0,
                1.0
            ]
        ],
        "kmr_pose_before_grab": {
            "theta": -3.0284747018107048,
            "y": 15.065856850478575,
            "x": 13.879789839990936
        },
        "end_pose_before_grab": {
            "A": -0.12269479338515478,
            "B": 0.02462586156005832,
            "C": -3.080075916652414,
            "z": 456.9286043059924,
            "y": 783.0955819479143,
            "x": 6.1774681953344865
        },
        "T_object_ee_grasp": [
            [
                0.06660483846729073,
                0.9977386447473756,
                0.009017212757529435,
                16.629054840108438
            ],
            [
                0.9977416003126127,
                -0.06652083910343248,
                -0.009315662238235874,
                42.62577579622564
            ],
            [
                -0.00869476973443628,
                0.009617313695713517,
                -0.9999159913574778,
                234.74452228774726
            ],
            [
                0.0,
                0.0,
                0.0,
                1.0
            ]
        ],
        "T_object_ee_before_grasp": [
            [
                0.05472506968248096,
                0.9985000711634819,
                -0.0016408809423708456,
                26.31929281248813
            ],
            [
                0.998490443312098,
                -0.05473212734945019,
                -0.004618813976392147,
                41.25723007323222
            ],
            [
                -0.0047017009112249215,
                -0.00138564218643967,
                -0.9999880276884001,
                309.59856674932894
            ],
            [
                0.0,
                0.0,
                0.0,
                1.0
            ]
        ]
    },
    {
        "grabbing_pose_name": "front_right",
        "T_world_obj": [
            [
                0.9971763589090146,
                -0.044780931127989906,
                0.06028180023450502,
                12676.491736444084
            ],
            [
                0.0436896302534932,
                0.9988587272295981,
                0.019301908810482125,
                15077.115345313603
            ],
            [
                -0.06107735502435602,
                -0.01661372435405975,
                0.9979948007843644,
                850.2438184041132
            ],
            [
                0.0,
                0.0,
                0.0,
                1.0
            ]
        ],
        "kmr_pose_before_grab": {
            "theta": -3.007969669847633,
            "y": 15.100065340827179,
            "x": 13.721165123870955
        },
        "end_pose_before_grab": {
            "A": -1.2391304806870402,
            "B": -1.5207035155881765,
            "C": 1.1468118844875062,
            "z": 149.97991225252656,
            "y": 648.0607648425403,
            "x": 242.00156293177665
        },
        "T_object_ee_grasp": [
            [
                -0.009905515388936878,
                -0.9997561698950541,
                0.019733204938612678,
                -6.794652826763922
            ],
            [
                0.0023485513857246475,
                -0.01975738570774216,
                -0.9998020977217038,
                221.9241409048534
            ],
            [
                0.9999482219658613,
                -0.009857207365782057,
                0.0025436914366572493,
                1.242218770539921
            ],
            [
                0.0,
                0.0,
                0.0,
                1.0
            ]
        ],
        "T_object_ee_before_grasp": [
            [
                -0.015396726266815356,
                -0.9998760932772172,
                -0.003264470623661031,
                -0.5091899788276351
            ],
            [
                0.003843872776339515,
                0.0032056390894872056,
                -0.9999875264784269,
                310.7375628585736
            ],
            [
                0.999874115577474,
                -0.015409079464132386,
                0.0037940458743335043,
                4.877280030712882
            ],
            [
                0.0,
                0.0,
                0.0,
                1.0
            ]
        ]
    }
]