[
    {
        "grabbing_pose_name": "side, label left",
        "T_world_obj": [
            [
                -0.8348973122832688,
                0.5492321847397208,
                -0.0359254543448847,
                12703.091174422361
            ],
            [
                -0.548683328124957,
                -0.8356694723763352,
                -0.024560055093586566,
                15268.854125120737
            ],
            [
                -0.04351096930214032,
                -0.0007934521868092625,
                0.9990526952995534,
                915.601929366735
            ],
            [
                0.0,
                0.0,
                0.0,
                1.0
            ]
        ],
        "kmr_pose_before_grab": {
            "theta": 2.9254275198479216,
            "y": 14.94292855757551,
            "x": 13.951926144087036
        },
        "end_pose_before_grab": {
            "A": 1.0548153227836867,
            "B": -1.502587613541776,
            "C": -2.3024079301003972,
            "z": 205.09304344149646,
            "y": 632.7699295114129,
            "x": -25.251027299723678
        },
        "T_object_ee_grasp": [
            [
                -0.026215072066097446,
                -0.48563566643186573,
                0.873768213289751,
                -205.6144741431126
            ],
            [
                -0.0028718339219153694,
                -0.8740283796077579,
                -0.48586647712333875,
                101.93430947079105
            ],
            [
                0.9996522619991849,
                -0.01524632007201244,
                0.021518070674753705,
                -29.63187469636148
            ],
            [
                0.0,
                0.0,
                0.0,
                1.0
            ]
        ],
        "T_object_ee_before_grasp": [
            [
                -0.026086563415337376,
                -0.4545805857703514,
                0.8903235947224913,
                -282.0347511210621
            ],
            [
                -0.06670542431796299,
                -0.8878500570997079,
                -0.45527217338278886,
                134.73986312661782
            ],
            [
                0.9974317035314315,
                -0.07126587469011976,
                -0.007162014830165731,
                -22.69508761286278
            ],
            [
                0.0,
                0.0,
                0.0,
                1.0
            ]
        ]
    },
    {
        "grabbing_pose_name": "side, label right",
        "T_world_obj": [
            [
                0.9015062858934993,
                -0.42929297737925204,
                -0.05471748765600021,
                12699.75336207293
            ],
            [
                0.42792702880073996,
                0.9031267596657798,
                -0.0352197402861088,
                15270.91028424015
            ],
            [
                0.06453649020278068,
                0.008335728307576284,
                0.997880500677734,
                911.9115377248492
            ],
            [
                0.0,
                0.0,
                0.0,
                1.0
            ]
        ],
        "kmr_pose_before_grab": {
            "theta": 2.9254275198479216,
            "y": 14.94292855757551,
            "x": 13.951926144087036
        },
        "end_pose_before_grab": {
            "A": 2.3307178541847215,
            "B": -1.5260047041694584,
            "C": 2.650427335228451,
            "z": 204.82386430065753,
            "y": 626.1905133896007,
            "x": -33.76283387598961
        },
        "T_object_ee_grasp": [
            [
                0.11495647562552139,
                0.3864233485064559,
                -0.915129547382354,
                205.45306188887298
            ],
            [
                0.04739211348818373,
                0.9180543203781473,
                0.3936116629777546,
                -78.76490052896224
            ],
            [
                0.9922393567616578,
                -0.0886181012101574,
                0.08722280794132142,
                -34.89053723767702
            ],
            [
                0.0,
                0.0,
                0.0,
                1.0
            ]
        ],
        "T_object_ee_before_grasp": [
            [
                0.02001423335663998,
                0.38083931198838294,
                -0.9244246496923236,
                299.6605740510349
            ],
            [
                0.003855978978812954,
                0.9245734807289551,
                0.38098411906119034,
                -108.74161389263918
            ],
            [
                0.9997922243483182,
                -0.011189637501774659,
                0.01703605996913392,
                -25.574456430188008
            ],
            [
                0.0,
                0.0,
                0.0,
                1.0
            ]
        ]
    },
    {
        "grabbing_pose_name": "front",
        "T_world_obj": [
            [
                0.42677580971902135,
                0.9031907561945693,
                -0.045921696525536904,
                12701.271457612285
            ],
            [
                -0.904187512127347,
                0.4271296211526377,
                -0.0023029412070220967,
                15262.575429045939
            ],
            [
                0.01753454039189574,
                0.0425046497428086,
                0.9989423116027818,
                911.7527764662437
            ],
            [
                0.0,
                0.0,
                0.0,
                1.0
            ]
        ],
        "kmr_pose_before_grab": {
            "theta": 2.9254275198479216,
            "y": 14.94292855757551,
            "x": 13.951926144087036
        },
        "end_pose_before_grab": {
            "A": 1.3551547170584384,
            "B": -1.5062785507735013,
            "C": -2.6807404498475464,
            "z": 214.29422030370634,
            "y": 638.3014326161308,
            "x": -53.758293509079756
        },
        "T_object_ee_grasp": [
            [
                0.017943817838752565,
                -0.9313395188834458,
                -0.3637098141684441,
                69.43844190533218
            ],
            [
                0.02530657422598704,
                0.36407486289846774,
                -0.9310257633908308,
                215.3614759824668
            ],
            [
                0.9995186063190427,
                0.00750188720731569,
                0.030101909751092455,
                -25.458444090507214
            ],
            [
                0.0,
                0.0,
                0.0,
                1.0
            ]
        ],
        "T_object_ee_before_grasp": [
            [
                -0.0318893231048773,
                -0.9159942883278112,
                -0.39992204712651497,
                108.14056006925512
            ],
            [
                0.001054912555525393,
                0.40009444149879964,
                -0.9164732541827593,
                281.1365103477783
            ],
            [
                0.9994907729061164,
                -0.02964761181807518,
                -0.0117924403460211,
                -11.316330514522122
            ],
            [
                0.0,
                0.0,
                0.0,
                1.0
            ]
        ]
    },
    {
        "grabbing_pose_name": "back",
        "T_world_obj": [
            [
                -0.4088811881456652,
                -0.9111311329643931,
                -0.05154208914045805,
                12698.6325973026
            ],
            [
                0.9125877002309007,
                -0.4082381850228219,
                -0.022923036459122317,
                15263.36589352062
            ],
            [
                -0.00015555677030526516,
                -0.056409398326124294,
                0.9984077996415142,
                911.3635886903575
            ],
            [
                0.0,
                0.0,
                0.0,
                1.0
            ]
        ],
        "kmr_pose_before_grab": {
            "theta": 2.9254275198479216,
            "y": 14.94292855757551,
            "x": 13.951926144087036
        },
        "end_pose_before_grab": {
            "A": 1.1658502798774841,
            "B": -1.444895120860756,
            "C": -2.4943989933168993,
            "z": 222.82713957852047,
            "y": 655.0260069847217,
            "x": -57.427146961243025
        },
        "T_object_ee_grasp": [
            [
                0.016007279913935465,
                0.9357179454949294,
                0.3523859450922371,
                -65.6979009404713
            ],
            [
                -0.03848084423914616,
                -0.3515935058832349,
                0.9353617528179137,
                -215.6682168836196
            ],
            [
                0.9991312090338216,
                -0.02853272793713362,
                0.030379228258113806,
                -17.486048439171554
            ],
            [
                0.0,
                0.0,
                0.0,
                1.0
            ]
        ],
        "T_object_ee_before_grasp": [
            [
                0.10828517188022743,
                0.9188311248243288,
                0.37950473835641657,
                -97.32723890799662
            ],
            [
                0.007247381987491568,
                -0.38246900141738854,
                0.9239401040090937,
                -270.1226700369789
            ],
            [
                0.9940935493563927,
                -0.09729860936410786,
                -0.0480747613857737,
                -3.7951047449065243
            ],
            [
                0.0,
                0.0,
                0.0,
                1.0
            ]
        ]
    },
    {
        "grabbing_pose_name": "top1",
        "T_world_obj": [
            [
                0.5091367500532383,
                0.8599638750867493,
                -0.03524258406874747,
                12546.000764559767
            ],
            [
                -0.8604961562952641,
                0.5094569710647365,
                0.00012202507159553289,
                15266.598278488991
            ],
            [
                0.018059611765229577,
                0.030264061930159014,
                0.9993787794137252,
                909.3367824566233
            ],
            [
                0.0,
                0.0,
                0.0,
                1.0
            ]
        ],
        "kmr_pose_before_grab": {
            "theta": 2.9265278968948203,
            "y": 15.037091475714895,
            "x": 13.570744059425964
        },
        "end_pose_before_grab": {
            "A": 0.3590442408021832,
            "B": -0.13083397011264872,
            "C": 3.108396926262882,
            "z": 568.2716229144401,
            "y": 688.5354047804674,
            "x": -207.22945250348982
        },
        "T_object_ee_grasp": [
            [
                -0.9139492627687156,
                0.38205240107689087,
                -0.13686753722746597,
                22.52002341819116
            ],
            [
                0.38210487195540765,
                0.9237262722874643,
                0.026941157715165767,
                -0.23594726245573838
            ],
            [
                0.1367210025910026,
                -0.027674789489146517,
                -0.9902229409792881,
                290.6391509092827
            ],
            [
                0.0,
                0.0,
                0.0,
                1.0
            ]
        ],
        "T_object_ee_before_grasp": [
            [
                -0.914386100527023,
                0.3847908167052373,
                -0.12583362576477558,
                26.56613116130393
            ],
            [
                0.3814895202575558,
                0.9230017752912885,
                0.050335415047222914,
                -9.767213299204741
            ],
            [
                0.1355131941062108,
                -0.001978095949048639,
                -0.9907735668274447,
                358.9736668058221
            ],
            [
                0.0,
                0.0,
                0.0,
                1.0
            ]
        ]
    },
    {
        "grabbing_pose_name": "top2",
        "T_world_obj": [
            [
                0.5091367500532383,
                0.8599638750867493,
                -0.03524258406874747,
                12546.000764559767
            ],
            [
                -0.8604961562952641,
                0.5094569710647365,
                0.00012202507159553289,
                15266.598278488991
            ],
            [
                0.018059611765229577,
                0.030264061930159014,
                0.9993787794137252,
                909.3367824566233
            ],
            [
                0.0,
                0.0,
                0.0,
                1.0
            ]
        ],
        "kmr_pose_before_grab": {
            "theta": 2.9265278968948203,
            "y": 15.037091475714895,
            "x": 13.570744059425964
        },
        "end_pose_before_grab": {
            "A": -2.8022033022867463,
            "B": 0.0868218492356422,
            "C": -3.1347992305036585,
            "z": 553.9756444362803,
            "y": 683.4309590768413,
            "x": -194.61686827088204
        },
        "T_object_ee_grasp": [
            [
                0.9175449898642546,
                -0.3916303916737279,
                -0.06882472465106992,
                15.564338805313128
            ],
            [
                -0.3904800977677775,
                -0.9201224765050189,
                0.030001778992656346,
                -5.36827876645475
            ],
            [
                -0.07507671968691444,
                -0.0006534066496029968,
                -0.9971775461698036,
                290.7101807380571
            ],
            [
                0.0,
                0.0,
                0.0,
                1.0
            ]
        ],
        "T_object_ee_before_grasp": [
            [
                0.9119698473035116,
                -0.399154798874499,
                -0.09479693547513059,
                20.551686854015315
            ],
            [
                -0.400007172805925,
                -0.9164500623664953,
                0.010664434229906032,
                2.1259427939603484
            ],
            [
                -0.09113335233935495,
                0.028193698506983413,
                -0.9954395143956847,
                344.417329320299
            ],
            [
                0.0,
                0.0,
                0.0,
                1.0
            ]
        ]
    }
]